0 0.0150703 0.15035 0.0106609 0.139916 0.0043625 0.132958 0.000584375 0.146872 0.00079375 0.167742 0.00373281 0.151509 0.00898125 0.149191 0.0131797 0.157308 0.0171703 0.17702 0.0222078 0.20137 0.0246641 0.214938 0.0236781 0.194413 0.0188484 0.1747 0.0150703 0.15035
0 0.0364844 0.149191 0.0419438 0.148033 0.0467719 0.168903 0.0524406 0.20137 0.0560094 0.2292 0.0576891 0.22572 0.0557984 0.207167 0.0524406 0.186295 0.0492906 0.166584 0.0455125 0.143392 0.0383734 0.135278 0.032075 0.141075 0.0282969 0.154988 0.0243078 0.17702 0.0223031 0.190283 0.0268266 0.179341 0.0306063 0.158467 0.0364844 0.149191
0 0.0154891 0.244272 0.0198984 0.234997 0.0261969 0.245433 0.0316547 0.260508 0.0369047 0.2779 0.0408937 0.318483 0.0448812 0.313845 0.0415234 0.290655 0.0381641 0.269783 0.035225 0.25007 0.0280859 0.223403 0.0209484 0.214125 0.0112906 0.233838 0.00520313 0.257028 0.00209844 0.281653 0.00457344 0.282537 0.00961094 0.261666 0.0154891 0.244272
0 0.0520203 0.234997 0.0438328 0.232678 0.0364844 0.248909 0.031025 0.2779 0.032075 0.287175 0.0348047 0.276741 0.0375344 0.260508 0.0421531 0.254709 0.0482406 0.246592 0.0555891 0.265145 0.0610469 0.295292 0.0674328 0.325163 0.0639875 0.294133 0.0585281 0.260508 0.0520203 0.234997
0 0.0591578 0.166584 0.0646172 0.154988 0.072175 0.159628 0.0780531 0.190934 0.0858203 0.241955 0.0887609 0.240795 0.0862406 0.219922 0.0816219 0.190934 0.0795234 0.167742 0.0698656 0.131797 0.0599984 0.138755 0.0553797 0.161945 0.05055 0.197892 0.0472281 0.225091 0.0503406 0.215284 0.0545391 0.189775 0.0591578 0.166584
0 0.101356 0.15035 0.108284 0.167742 0.115633 0.194413 0.119622 0.234997 0.123611 0.248909 0.119831 0.212966 0.112064 0.163105 0.104927 0.134117 0.0929594 0.139916 0.0851906 0.187455 0.0779281 0.242495 0.0887609 0.179341 0.0935891 0.158467 0.101356 0.15035
0 0.126759 0.15035 0.134108 0.164266 0.139566 0.200209 0.144605 0.232678 0.146284 0.22688 0.143136 0.196733 0.138517 0.168903 0.133688 0.136434 0.12487 0.126 0.115844 0.15035 0.110594 0.183978 0.104953 0.220741 0.113953 0.17818 0.118572 0.157308 0.126759 0.15035
0 0.192122 0.129492 0.187503 0.145728 0.185194 0.158483 0.188764 0.159641 0.193592 0.145728 0.2001 0.161959 0.206819 0.193267 0.212006 0.232342 0.209128 0.186309 0.201359 0.143408 0.192122 0.129492
0 0.216895 0.155003 0.224455 0.181672 0.231383 0.218778 0.234531 0.222255 0.227183 0.168917 0.220255 0.13877 0.209758 0.13993 0.204089 0.161959 0.200941 0.183992 0.197313 0.213487 0.203459 0.183992 0.208078 0.159641 0.216895 0.155003
0 0.247758 0.157322 0.253216 0.183992 0.259934 0.232692 0.262453 0.231533 0.260144 0.206022 0.254056 0.165441 0.247758 0.137609 0.237891 0.13993 0.233272 0.158483 0.228023 0.189791 0.223289 0.225091 0.231383 0.183992 0.23705 0.16312 0.247758 0.157322
0 0.266233 0.156163 0.274631 0.150366 0.279669 0.167758 0.285547 0.206022 0.290586 0.229212 0.290377 0.216458 0.284917 0.179353 0.279669 0.142247 0.269381 0.132972 0.263294 0.148045 0.256156 0.192108 0.251627 0.226541 0.258255 0.199066 0.262034 0.173555 0.266233 0.156163
0 0.297305 0.153842 0.302342 0.173555 0.308431 0.204863 0.31242 0.222255 0.310741 0.201384 0.305912 0.171237 0.300664 0.148045 0.295414 0.13645 0.286388 0.146884 0.280509 0.179353 0.276552 0.204784 0.284917 0.168917 0.289327 0.156163 0.297305 0.153842
0 0.317039 0.145728 0.322708 0.158483 0.328795 0.18515 0.333834 0.214141 0.334675 0.206022 0.329845 0.173555 0.323547 0.13877 0.315359 0.130653 0.308011 0.151525 0.302973 0.178192 0.299905 0.204784 0.306961 0.171237 0.31137 0.152684 0.317039 0.145728
0 0.34958 0.142247 0.354409 0.1608 0.361967 0.194428 0.363436 0.192108 0.358608 0.1608 0.35273 0.130653 0.342231 0.129492 0.335723 0.158483 0.330686 0.202545 0.337194 0.168917 0.342231 0.149205 0.34958 0.142247
0 0.304652 0.235009 0.31095 0.244287 0.31515 0.258203 0.317669 0.251245 0.31347 0.233853 0.303603 0.221097 0.297094 0.23617 0.292056 0.258203 0.295414 0.259362 0.299403 0.240809 0.304652 0.235009
0 0.331105 0.226895 0.338873 0.228055 0.344331 0.241967 0.345591 0.229212 0.342862 0.206022 0.332784 0.206022 0.326277 0.221097 0.32037 0.245395 0.318298 0.250084 0.325647 0.23733 0.331105 0.226895
0 0.359867 0.214141 0.367425 0.222255 0.372044 0.244287 0.375194 0.243128 0.372044 0.217617 0.365327 0.199066 0.357978 0.194428 0.35042 0.208342 0.346609 0.235242 0.350209 0.231533 0.353989 0.216458 0.359867 0.214141
0 0.369314 0.13877 0.375194 0.144567 0.380231 0.167758 0.385061 0.194428 0.38842 0.201384 0.386111 0.183992 0.381911 0.149205 0.374983 0.123695 0.367636 0.124855 0.363436 0.141088 0.358398 0.165441 0.354217 0.193183 0.359028 0.175875 0.365327 0.150366 0.369314 0.13877
0 0.397261 0.138459 0.402089 0.128025 0.407339 0.141941 0.412797 0.173247 0.417625 0.204555 0.418045 0.190641 0.414897 0.166291 0.411538 0.136142 0.404189 0.117591 0.396631 0.119908 0.390753 0.147738 0.385966 0.18158 0.385714 0.18832 0.391173 0.162809 0.397261 0.138459
0 0.382775 0.208033 0.389073 0.21847 0.387603 0.206872 0.379627 0.1918 0.373537 0.1918 0.368289 0.205716 0.364975 0.219291 0.369128 0.21383 0.375217 0.208033 0.382775 0.208033
0 0.414686 0.198758 0.421614 0.208033 0.427703 0.228905 0.432952 0.252095 0.431692 0.230066 0.426023 0.203395 0.418045 0.182522 0.409438 0.183683 0.403559 0.204555 0.397511 0.245395 0.403139 0.225425 0.408808 0.208033 0.414686 0.198758
0 0.419934 0.153534 0.426444 0.134983 0.432322 0.136142 0.4382 0.162809 0.443658 0.202234 0.446598 0.197597 0.444289 0.175566 0.441559 0.155853 0.435891 0.124545 0.428122 0.114109 0.420775 0.131503 0.415616 0.158375 0.410488 0.1918 0.415947 0.175566 0.419934 0.153534
0 0.43505 0.224267 0.439039 0.210353 0.446178 0.202234 0.453527 0.21383 0.456045 0.232383 0.458564 0.221947 0.456466 0.204555 0.451427 0.187159 0.442819 0.183683 0.4361 0.195278 0.431359 0.222191 0.432531 0.221947 0.430642 0.226584 0.43505 0.224267
0 0.453527 0.134983 0.459194 0.138459 0.464863 0.151216 0.467383 0.179045 0.471791 0.211512 0.473891 0.202234 0.47137 0.182522 0.469272 0.16745 0.464653 0.136142 0.460244 0.118747 0.452895 0.121067 0.445967 0.147738 0.442641 0.17578 0.445758 0.169767 0.450167 0.153534 0.453527 0.134983
0 0.463183 0.21383 0.468222 0.202234 0.473891 0.204555 0.478719 0.211512 0.482498 0.230066 0.486277 0.254416 0.490056 0.252095 0.487747 0.233542 0.483967 0.214991 0.479769 0.195278 0.472631 0.186003 0.465073 0.18948 0.458647 0.213487 0.456675 0.241659 0.460244 0.226584 0.463183 0.21383
0 0.478509 0.14078 0.483967 0.126866 0.489006 0.136142 0.494045 0.155853 0.497614 0.183683 0.499294 0.175566 0.496775 0.153534 0.491106 0.121067 0.484387 0.105992 0.479559 0.118747 0.473891 0.14078 0.46993 0.17723 0.473261 0.173247 0.475359 0.157012 0.478509 0.14078
0 0.488377 0.202234 0.495305 0.196437 0.499923 0.21267 0.504122 0.224267 0.505592 0.21383 0.501603 0.194117 0.493834 0.179045 0.486697 0.190641 0.483338 0.202234 0.479375 0.220741 0.481448 0.230066 0.484387 0.214991 0.488377 0.202234
0 0.508322 0.125705 0.513359 0.130345 0.518819 0.157012 0.522597 0.175566 0.524486 0.170928 0.522808 0.155853 0.517558 0.124545 0.51147 0.111791 0.506431 0.11527 0.503072 0.130345 0.499053 0.154025 0.502442 0.158172 0.504752 0.13962 0.508322 0.125705
0 0.519448 0.196437 0.523647 0.201075 0.528266 0.203395 0.533723 0.221947 0.537083 0.221947 0.534984 0.199916 0.528686 0.180205 0.522597 0.174408 0.515039 0.1918 0.510598 0.213487 0.511261 0.233542 0.514619 0.21383 0.519448 0.196437
0 0.537083 0.125705 0.540863 0.133822 0.545902 0.154695 0.5501 0.175566 0.554089 0.179045 0.55283 0.16397 0.54905 0.143097 0.545061 0.128025 0.539183 0.108312 0.533934 0.110633 0.529525 0.123388 0.525555 0.155475 0.527427 0.16513 0.531834 0.13962 0.537083 0.125705
0 0.551359 0.197597 0.556608 0.206872 0.561647 0.21267 0.565006 0.230066 0.568366 0.245138 0.570675 0.2405 0.566266 0.21383 0.560597 0.186003 0.554298 0.172088 0.544641 0.184842 0.540442 0.209192 0.534475 0.243945 0.540022 0.224267 0.54527 0.203395 0.551359 0.197597
0 0.561928 0.114678 0.568438 0.118155 0.572636 0.148305 0.575995 0.169175 0.578934 0.166858 0.576205 0.144825 0.571795 0.113517 0.566128 0.0949656 0.560878 0.106559 0.553741 0.13207 0.547594 0.172878 0.552691 0.15758 0.55647 0.130909 0.561928 0.114678
0 0.571586 0.207441 0.577255 0.203962 0.584603 0.202803 0.58985 0.219034 0.59342 0.213238 0.590691 0.191208 0.585022 0.179613 0.573686 0.18077 0.568856 0.200483 0.563338 0.230892 0.562769 0.23643 0.567177 0.222516 0.571586 0.207441
0 0.591531 0.119316 0.597409 0.118155 0.602658 0.149462 0.606436 0.174972 0.606647 0.158741 0.602658 0.134391 0.598248 0.101922 0.59195 0.0938047 0.585231 0.116997 0.579867 0.146772 0.582923 0.145984 0.586702 0.128592 0.591531 0.119316
0 0.610216 0.202803 0.614623 0.219034 0.618823 0.216717 0.615255 0.202803 0.608745 0.18193 0.600769 0.192367 0.594561 0.213487 0.600348 0.2086 0.604758 0.197005 0.610216 0.202803
0 0.614834 0.118155 0.620292 0.112358 0.625541 0.123953 0.62932 0.150622 0.635619 0.18077 0.636039 0.165697 0.630789 0.139028 0.626381 0.10888 0.621762 0.0926453 0.615464 0.101922 0.611055 0.115837 0.606894 0.146772 0.607906 0.15758 0.610425 0.13555 0.614834 0.118155
0 0.63058 0.201642 0.634569 0.202803 0.639817 0.220195 0.644436 0.239908 0.644647 0.223675 0.639397 0.201642 0.633519 0.183091 0.625961 0.191208 0.6208 0.210588 0.622602 0.217878 0.62617 0.209759 0.63058 0.201642
0 0.638767 0.118155 0.643806 0.116997 0.648634 0.122795 0.653044 0.148305 0.656613 0.170334 0.660181 0.18193 0.659552 0.168016 0.655144 0.143666 0.652205 0.120475 0.647795 0.101922 0.642338 0.0984453 0.637088 0.10772 0.633098 0.125113 0.62932 0.145984 0.626309 0.168528 0.62995 0.162217 0.633519 0.139028 0.638767 0.118155
0 0.661442 0.13555 0.667741 0.126272 0.674039 0.139028 0.679917 0.176133 0.684745 0.205122 0.686634 0.200483 0.684955 0.179613 0.681597 0.15642 0.677187 0.127433 0.672148 0.104242 0.66522 0.0996031 0.660602 0.113517 0.655353 0.139028 0.652205 0.161059 0.649137 0.187383 0.653884 0.176133 0.657453 0.151783 0.661442 0.13555
0 0.659763 0.21092 0.66648 0.225992 0.672148 0.248025 0.674458 0.241067 0.671098 0.216717 0.66648 0.201642 0.660392 0.193525 0.653464 0.195845 0.64835 0.216388 0.650525 0.224833 0.654303 0.214397 0.659763 0.21092
0 0.687475 0.231791 0.693983 0.237588 0.70112 0.253822 0.706369 0.239908 0.703641 0.225992 0.694613 0.207441 0.686634 0.2086 0.680547 0.215558 0.673408 0.253822 0.670391 0.27295 0.676558 0.261941 0.680967 0.245705 0.687475 0.231791
0 0.688314 0.162217 0.691883 0.136708 0.697133 0.125113 0.701541 0.130909 0.706369 0.154103 0.713297 0.200483 0.717077 0.198166 0.714347 0.171495 0.710778 0.147145 0.70448 0.114678 0.697972 0.106559 0.692303 0.118155 0.686845 0.140187 0.683066 0.169175 0.678523 0.200434 0.679288 0.212078 0.683486 0.190047 0.688314 0.162217
0 0.720645 0.151783 0.726105 0.134391 0.729673 0.144825 0.734502 0.166858 0.74017 0.194684 0.744998 0.225992 0.747519 0.21092 0.74395 0.177292 0.739331 0.162217 0.735131 0.129753 0.726523 0.116997 0.720856 0.127433 0.717288 0.147145 0.712248 0.172655 0.708961 0.200434 0.711408 0.209759 0.716447 0.18193 0.720645 0.151783
0 0.709098 0.245705 0.716867 0.251503 0.723375 0.267738 0.727784 0.290928 0.731983 0.296725 0.731142 0.28165 0.727994 0.256141 0.720225 0.229472 0.711408 0.222516 0.70427 0.238747 0.697416 0.2657 0.700702 0.272375 0.704689 0.25962 0.709098 0.245705
0 0.74563 0.150622 0.750038 0.139028 0.756756 0.158741 0.763055 0.18425 0.766414 0.217878 0.771452 0.23295 0.770402 0.213238 0.767253 0.183091 0.761375 0.152942 0.754447 0.123953 0.747519 0.112358 0.7387 0.158741 0.732838 0.198984 0.736602 0.198166 0.74038 0.173816 0.74563 0.150622
0 0.7328 0.267528 0.737 0.26405 0.742878 0.269847 0.748336 0.279125 0.753795 0.298834 0.757784 0.324345 0.757994 0.308113 0.755264 0.282603 0.749806 0.26405 0.741619 0.244338 0.735109 0.240859 0.726083 0.269847 0.722723 0.286083 0.726083 0.287241 0.728392 0.279125 0.7328 0.267528
0 0.764922 0.179403 0.768702 0.159692 0.77332 0.148095 0.777728 0.148095 0.781717 0.162009 0.786756 0.184042 0.791375 0.21303 0.796623 0.247817 0.796414 0.221147 0.793264 0.194478 0.790116 0.177084 0.786127 0.148095 0.781508 0.131862 0.776259 0.124905 0.77038 0.137659 0.765552 0.157372 0.760723 0.182883 0.756977 0.213487 0.759883 0.21187 0.762613 0.200275 0.764922 0.179403
0 0.763242 0.319708 0.768281 0.326666 0.777098 0.345217 0.781088 0.369567 0.784447 0.38812 0.783606 0.355653 0.781088 0.3371 0.777098 0.318547 0.769331 0.301155 0.760094 0.295358 0.752536 0.310433 0.747531 0.330966 0.753795 0.328984 0.757784 0.318547 0.763242 0.319708
0 0.790534 0.368408 0.798723 0.385803 0.8067 0.41247 0.810059 0.433342 0.810059 0.411313 0.806281 0.38928 0.799563 0.371888 0.792425 0.355653 0.785077 0.347537 0.776469 0.361453 0.771933 0.380275 0.779828 0.370728 0.785286 0.366091 0.790534 0.368408
0 0.801033 0.156213 0.80775 0.151575 0.814259 0.145778 0.819927 0.162009 0.824545 0.170128 0.827905 0.189841 0.830634 0.214191 0.833783 0.21303 0.832105 0.193317 0.829584 0.173605 0.825386 0.146937 0.820556 0.137659 0.813839 0.126066 0.803761 0.133022 0.797883 0.152734 0.793894 0.172447 0.788987 0.197534 0.791584 0.208392 0.794105 0.18868 0.801033 0.156213
0 0.832523 0.18752 0.835673 0.168967 0.840081 0.149255 0.84512 0.145778 0.849739 0.155053 0.853308 0.166647 0.857927 0.186359 0.861706 0.218828 0.865484 0.240859 0.865905 0.222308 0.861706 0.181722 0.857297 0.159692 0.853728 0.13882 0.8468 0.124905 0.839872 0.135341 0.835253 0.150416 0.830214 0.178245 0.825806 0.214191 0.828116 0.218828 0.830005 0.208392 0.832523 0.18752
0 0.861916 0.172447 0.866955 0.150416 0.871573 0.1365 0.875563 0.145778 0.879761 0.158533 0.8827 0.182883 0.886059 0.201434 0.890888 0.229266 0.893408 0.225784 0.892567 0.21187 0.890258 0.193317 0.886059 0.168967 0.881231 0.146937 0.875352 0.120267 0.868634 0.122584 0.862966 0.143458 0.859186 0.166647 0.856247 0.184042 0.853795 0.209138 0.857297 0.203755 0.858556 0.193317 0.861916 0.172447
0 0.886059 0.172447 0.889837 0.158533 0.895297 0.145778 0.900966 0.150416 0.905164 0.16433 0.908733 0.18752 0.913352 0.21303 0.917131 0.240859 0.91818 0.228105 0.915242 0.202595 0.911253 0.173605 0.906005 0.142297 0.902016 0.120267 0.894037 0.119108 0.886898 0.1365 0.88417 0.165491 0.88102 0.192158 0.875048 0.233792 0.879131 0.226945 0.88228 0.197958 0.886059 0.172447
0 0.912486 0.161145 0.917734 0.141433 0.922773 0.135634 0.929072 0.143753 0.932222 0.164625 0.937259 0.193613 0.940198 0.202891 0.93915 0.184334 0.93558 0.158828 0.930961 0.12752 0.923194 0.111284 0.915425 0.126359 0.910597 0.155347 0.905769 0.183178 0.901287 0.223641 0.905139 0.208687 0.907658 0.186655 0.912486 0.161145
0 0.946708 0.137955 0.952166 0.1252 0.959934 0.133317 0.962663 0.154188 0.967072 0.169263 0.967281 0.153028 0.964342 0.1252 0.958884 0.103167 0.950067 0.107808 0.943978 0.133317 0.937259 0.175059 0.933561 0.212038 0.937889 0.187816 0.941878 0.165783 0.946708 0.137955
0 0.976309 0.129837 0.980928 0.139116 0.986177 0.161145 0.989956 0.1739 0.990586 0.153028 0.985967 0.130997 0.980508 0.110125 0.97442 0.104328 0.969802 0.118242 0.964553 0.141433 0.960586 0.171428 0.965392 0.156508 0.970431 0.137955 0.976309 0.129837
0 0.947758 0.214484 0.939359 0.205208 0.934531 0.208687 0.929283 0.220283 0.923403 0.257387 0.917316 0.29797 0.918995 0.30377 0.922353 0.282897 0.927603 0.255067 0.931172 0.238834 0.940198 0.22608 0.946288 0.238834 0.951536 0.258547 0.956912 0.283103 0.958255 0.264345 0.954055 0.239995 0.947758 0.214484
0 0.993525 0.193613 0.998564 0.207528 0.999548 0.190134 0.994575 0.17738 0.988066 0.180858 0.983028 0.195933 0.976519 0.223759 0.981348 0.213325 0.988277 0.197091 0.993525 0.193613
