0 0.0173844 0.139434 0.0131516 0.125797 0.00521562 0.127745 0.000629688 0.140409 0.000629688 0.160866 0.00309844 0.153072 0.00733125 0.140409 0.0135047 0.141383 0.0175609 0.155995 0.0224984 0.188138 0.0266703 0.211017 0.0265547 0.192034 0.0228516 0.168658 0.0173844 0.139434
0 0.0309641 0.144305 0.0362547 0.131642 0.0399594 0.1537 0.0447719 0.181542 0.0487812 0.215078 0.0539359 0.253672 0.0548531 0.228997 0.0530188 0.199258 0.0495828 0.178378 0.0471891 0.149175 0.0422516 0.126772 0.0353734 0.116058 0.0264406 0.125859 0.0237328 0.141383 0.0185359 0.170784 0.0167516 0.217109 0.0216172 0.19788 0.0262016 0.170605 0.0309641 0.144305
0 0.0584766 0.184242 0.0618281 0.160866 0.0652719 0.1629 0.0672203 0.151509 0.0698547 0.14645 0.0722609 0.16037 0.0761563 0.165433 0.0822859 0.190088 0.0866953 0.221258 0.090575 0.237816 0.0895172 0.216388 0.0856359 0.194958 0.0812281 0.162812 0.0784062 0.140409 0.0722328 0.129695 0.0667656 0.130667 0.0616516 0.138459 0.0570656 0.165734 0.0528328 0.175475 0.0501875 0.217359 0.0478297 0.240258 0.0528328 0.22223 0.0553016 0.201775 0.0584766 0.184242
0 0.111738 0.147228 0.1068 0.134566 0.100275 0.125797 0.0939266 0.135538 0.0868719 0.17645 0.0819328 0.215413 0.0798172 0.254375 0.0829906 0.242688 0.0894344 0.208155 0.0928719 0.180313 0.0967672 0.156903 0.101234 0.151841 0.105703 0.158167 0.108567 0.162597 0.112973 0.17645 0.11703 0.201775 0.121889 0.240258 0.121791 0.220283 0.116147 0.17645 0.111738 0.147228
0 0.116853 0.182295 0.121086 0.160866 0.127081 0.147228 0.131844 0.157942 0.13643 0.17645 0.141014 0.200803 0.144013 0.187166 0.136958 0.160866 0.133784 0.138459 0.127964 0.130667 0.120556 0.138459 0.115089 0.170605 0.106681 0.23173 0.108741 0.234892 0.112091 0.210542 0.116853 0.182295
0 0.142317 0.167184 0.147431 0.149653 0.154486 0.150625 0.158895 0.163291 0.158014 0.144783 0.155545 0.136016 0.146197 0.139912 0.139672 0.169133 0.135616 0.19933 0.131147 0.22442 0.134205 0.223683 0.138614 0.191537 0.142317 0.167184
0 0.222639 0.149178 0.227755 0.1784 0.234809 0.219313 0.238689 0.253405 0.240277 0.245613 0.233927 0.193013 0.228813 0.165738 0.223169 0.136516 0.215408 0.1258 0.210117 0.136516 0.206944 0.149178 0.204473 0.162816 0.201828 0.186192 0.199006 0.20957 0.198373 0.226855 0.202358 0.203728 0.208002 0.168659 0.215937 0.137491 0.222639 0.149178
0 0.232869 0.182297 0.237631 0.159892 0.242392 0.145283 0.248566 0.138466 0.252445 0.15405 0.257383 0.18522 0.263908 0.228078 0.263556 0.20957 0.258264 0.172558 0.254738 0.150153 0.249798 0.126775 0.242922 0.123853 0.236395 0.143334 0.230047 0.190091 0.22652 0.21152 0.223722 0.241475 0.226872 0.234897 0.227755 0.215416 0.232869 0.182297
0 0.26583 0.163408 0.269497 0.147591 0.275902 0.141384 0.283484 0.172558 0.2886 0.220284 0.294242 0.223208 0.291069 0.201778 0.284191 0.150153 0.277312 0.123853 0.270258 0.118008 0.26338 0.138466 0.259147 0.167684 0.254561 0.198855 0.252816 0.221983 0.255972 0.222234 0.259758 0.198841 0.26583 0.163408
0 0.28668 0.160245 0.289316 0.142528 0.293095 0.13367 0.29722 0.137466 0.300656 0.152653 0.305009 0.177959 0.309134 0.211495 0.314348 0.208597 0.311527 0.182297 0.308352 0.15892 0.304295 0.135542 0.299358 0.118983 0.293361 0.108267 0.288423 0.118983 0.283838 0.136516 0.280311 0.162816 0.277312 0.18522 0.275078 0.212234 0.279119 0.215292 0.2829 0.188717 0.28668 0.160245
0 0.309822 0.180492 0.311884 0.165941 0.31532 0.146958 0.319992 0.134567 0.323872 0.145283 0.327928 0.166712 0.336056 0.211495 0.339494 0.197575 0.332734 0.158978 0.328037 0.130505 0.32158 0.118983 0.316994 0.116059 0.31188 0.123853 0.308528 0.143334 0.304119 0.167684 0.300205 0.202488 0.303589 0.201778 0.305883 0.194959 0.309822 0.180492
0 0.34383 0.153283 0.34828 0.139953 0.352587 0.140903 0.356895 0.158034 0.360686 0.18278 0.36517 0.187375 0.364287 0.164972 0.361291 0.146466 0.357409 0.123087 0.351237 0.117242 0.344006 0.126983 0.338186 0.15718 0.332827 0.197616 0.336598 0.187375 0.339067 0.167895 0.34383 0.153283
0 0.341008 0.201012 0.336775 0.201012 0.332014 0.205883 0.328486 0.21465 0.321431 0.247767 0.322138 0.261405 0.324783 0.254584 0.33025 0.237053 0.334836 0.221467 0.340127 0.227312 0.345241 0.232183 0.348697 0.24513 0.348062 0.225366 0.344711 0.210753 0.341008 0.201012
0 0.308558 0.215622 0.302208 0.217572 0.296211 0.227312 0.289158 0.26725 0.289686 0.281859 0.293566 0.26043 0.30115 0.238028 0.305383 0.231208 0.309439 0.23413 0.314553 0.242897 0.318941 0.263405 0.318786 0.239975 0.313848 0.225366 0.308558 0.215622
0 0.285453 0.23608 0.27787 0.239 0.273108 0.244845 0.266406 0.277966 0.267466 0.289653 0.270639 0.275042 0.274872 0.2653 0.280516 0.248742 0.287217 0.253613 0.29092 0.259458 0.294695 0.273153 0.294095 0.252637 0.291097 0.24095 0.285453 0.23608
0 0.252473 0.277966 0.26288 0.269197 0.268523 0.273092 0.271345 0.283808 0.273461 0.281859 0.271169 0.255559 0.265702 0.246792 0.259 0.249716 0.25265 0.263353 0.248594 0.280884 0.244009 0.299392 0.240914 0.325542 0.244714 0.316928 0.24877 0.28673 0.252473 0.277966
0 0.361995 0.202959 0.366581 0.2127 0.372753 0.220492 0.375928 0.222442 0.369227 0.198091 0.363583 0.191272 0.358644 0.200038 0.353883 0.203934 0.350531 0.227312 0.347814 0.243913 0.351589 0.233158 0.355998 0.218545 0.361995 0.202959
0 0.414105 0.119013 0.404798 0.106641 0.398502 0.119191 0.394094 0.14062 0.389636 0.177067 0.38845 0.194195 0.393255 0.186584 0.398078 0.15518 0.403441 0.13088 0.409612 0.14062 0.413669 0.16205 0.418347 0.184213 0.421514 0.175166 0.417378 0.151372 0.414105 0.119013
0 0.386045 0.209772 0.391689 0.204903 0.396098 0.2088 0.400153 0.220488 0.404034 0.223409 0.402094 0.204903 0.39645 0.18737 0.389572 0.183472 0.383928 0.195162 0.378894 0.2232 0.37758 0.229255 0.382341 0.226333 0.386045 0.209772
0 0.415145 0.207825 0.419553 0.203928 0.424669 0.220488 0.429783 0.225358 0.427489 0.203928 0.423434 0.189317 0.417614 0.18055 0.411794 0.18542 0.404683 0.217109 0.40668 0.227305 0.410736 0.214642 0.415145 0.207825
0 0.422552 0.12795 0.417261 0.152303 0.4125 0.188342 0.413028 0.210747 0.414969 0.190292 0.417261 0.168862 0.421317 0.150355 0.427138 0.131847 0.433309 0.13477 0.437191 0.155225 0.441952 0.171784 0.444406 0.189213 0.444069 0.184447 0.441598 0.155225 0.438248 0.136717 0.433486 0.116263 0.427666 0.110417 0.422552 0.12795
0 0.448125 0.14938 0.453416 0.130872 0.458883 0.13477 0.464527 0.148408 0.468759 0.170809 0.471581 0.177628 0.470698 0.159122 0.466995 0.12795 0.460294 0.0997031 0.452709 0.112366 0.449006 0.130872 0.44548 0.153278 0.440389 0.192742 0.441775 0.188342 0.444773 0.17568 0.448125 0.14938
0 0.444069 0.195162 0.449536 0.207825 0.45465 0.221462 0.45853 0.222434 0.455531 0.203928 0.450064 0.181525 0.440894 0.184447 0.43578 0.199058 0.43003 0.219545 0.432428 0.221462 0.439483 0.204903 0.444069 0.195162
0 0.479694 0.135742 0.484455 0.1299 0.492039 0.153278 0.497506 0.190292 0.502091 0.190292 0.498741 0.151328 0.495391 0.120158 0.487806 0.100678 0.482516 0.107495 0.477577 0.12503 0.473697 0.143534 0.469705 0.179341 0.472462 0.18055 0.475461 0.162042 0.479694 0.135742
0 0.470698 0.197109 0.475638 0.201008 0.480047 0.219512 0.484984 0.224384 0.482516 0.196134 0.476519 0.181525 0.471228 0.177628 0.465408 0.186395 0.462056 0.197109 0.458462 0.214672 0.46047 0.215617 0.465761 0.207825 0.470698 0.197109
0 0.498741 0.18737 0.505266 0.193213 0.506677 0.2088 0.512673 0.215617 0.511792 0.203928 0.510556 0.194188 0.505442 0.179578 0.499975 0.173733 0.495566 0.168862 0.489394 0.183472 0.485161 0.203928 0.489217 0.20685 0.492744 0.189317 0.498741 0.18737
0 0.504384 0.152303 0.509145 0.128925 0.513731 0.12503 0.519198 0.138666 0.522902 0.16107 0.52643 0.1825 0.527664 0.164966 0.523608 0.147433 0.519198 0.114316 0.510556 0.106522 0.504561 0.124055 0.500858 0.155225 0.496595 0.18665 0.498564 0.189317 0.501386 0.168862 0.504384 0.152303
0 0.529603 0.150355 0.532602 0.138666 0.535247 0.128925 0.540716 0.128925 0.545123 0.135742 0.548828 0.157172 0.553413 0.196134 0.55165 0.167887 0.551297 0.151328 0.546359 0.124055 0.540891 0.102625 0.5356 0.109442 0.528369 0.136717 0.524367 0.169592 0.525019 0.178603 0.526958 0.166916 0.529603 0.150355
0 0.525372 0.194188 0.52978 0.205878 0.533131 0.220488 0.536834 0.217566 0.533661 0.193213 0.531191 0.178603 0.527311 0.17568 0.52255 0.177628 0.516023 0.18055 0.511142 0.203708 0.514614 0.216592 0.520609 0.20198 0.525372 0.194188
0 0.556517 0.203672 0.561103 0.214388 0.56463 0.23192 0.565864 0.241659 0.567981 0.22705 0.562514 0.20075 0.558986 0.186141 0.554225 0.171528 0.548581 0.173475 0.543819 0.182242 0.538175 0.199775 0.536059 0.217309 0.537372 0.23782 0.543466 0.204645 0.549109 0.191983 0.553872 0.192958 0.556517 0.203672
0 0.562866 0.096525 0.557752 0.109187 0.553695 0.119903 0.549109 0.152047 0.547345 0.168605 0.550344 0.171528 0.554753 0.140358 0.558809 0.125747 0.562161 0.115033 0.566394 0.11698 0.569392 0.134512 0.572391 0.146203 0.574506 0.162759 0.576445 0.170553 0.57903 0.157409 0.574506 0.128667 0.570097 0.110163 0.566394 0.103342 0.562866 0.096525
0 0.587028 0.127695 0.590378 0.115033 0.594434 0.111134 0.598139 0.117955 0.601842 0.142305 0.606252 0.175425 0.606428 0.163734 0.603606 0.134512 0.600078 0.114058 0.595494 0.105291 0.588967 0.0984719 0.583325 0.125747 0.579797 0.146203 0.577708 0.167158 0.57962 0.164709 0.582795 0.145228 0.587028 0.127695
0 0.615245 0.130617 0.618998 0.128784 0.6221 0.124978 0.625202 0.140205 0.625891 0.146867 0.629681 0.163997 0.631922 0.169708 0.632956 0.178275 0.632611 0.155433 0.630027 0.133542 0.627442 0.117362 0.624417 0.108213 0.618653 0.0935703 0.612622 0.105942 0.608831 0.124025 0.606073 0.143059 0.6057 0.17203 0.609073 0.168605 0.611895 0.147175 0.615245 0.130617
0 0.636409 0.141333 0.639408 0.12185 0.643288 0.110163 0.649813 0.11698 0.653164 0.132566 0.655633 0.159841 0.655986 0.163734 0.661453 0.188088 0.66163 0.178347 0.659336 0.158866 0.656339 0.131591 0.652634 0.110163 0.64805 0.103342 0.640819 0.101395 0.636939 0.113083 0.633411 0.131591 0.631119 0.152047 0.628183 0.174467 0.630766 0.176397 0.633234 0.154967 0.636409 0.141333
0 0.587028 0.186141 0.58015 0.176397 0.574683 0.173475 0.570978 0.186141 0.566217 0.20075 0.561808 0.225103 0.562338 0.249453 0.567275 0.228025 0.571861 0.206595 0.576798 0.189059 0.580503 0.187112 0.585794 0.20075 0.58985 0.218283 0.595561 0.243913 0.595317 0.23192 0.592142 0.210491 0.587028 0.186141
0 0.618244 0.190034 0.609602 0.176397 0.604841 0.17932 0.59902 0.183217 0.595845 0.189059 0.591789 0.206595 0.58597 0.239712 0.587909 0.252375 0.590202 0.241659 0.592142 0.23192 0.596552 0.220233 0.599902 0.204645 0.604311 0.190034 0.610131 0.196853 0.613306 0.20562 0.617363 0.219258 0.623112 0.253659 0.624064 0.235817 0.621772 0.215359 0.618244 0.190034
0 0.392347 0.14393 0.389827 0.126213 0.386847 0.10913 0.380317 0.107233 0.375964 0.117987 0.372528 0.128113 0.368289 0.147728 0.364394 0.169241 0.359353 0.221758 0.362217 0.218592 0.36428 0.203408 0.367486 0.181895 0.370122 0.165442 0.373787 0.142666 0.379859 0.129378 0.384556 0.13697 0.388338 0.150891 0.393881 0.186933 0.395783 0.17177 0.394066 0.159747 0.392347 0.14393
0 0.211947 0.173805 0.20695 0.151916 0.203503 0.131928 0.194198 0.130978 0.188684 0.1443 0.184548 0.159528 0.179552 0.200453 0.174383 0.229005 0.175761 0.252797 0.178002 0.24328 0.181102 0.212825 0.184031 0.195695 0.188167 0.17095 0.189545 0.163334 0.195233 0.157625 0.203331 0.172853 0.207639 0.19855 0.214016 0.229005 0.215394 0.225197 0.214016 0.204259 0.211947 0.173805
0 0.641227 0.211584 0.635884 0.196358 0.629509 0.199212 0.624339 0.213487 0.619688 0.223958 0.619516 0.244895 0.62365 0.226813 0.627442 0.215391 0.630716 0.211584 0.635884 0.214441 0.640366 0.230617 0.643922 0.247841 0.645706 0.239184 0.643813 0.22015 0.641227 0.211584
