0 0.0173844 0.139434 0.0131516 0.125797 0.00521562 0.127745 0.000629688 0.140409 0.000629688 0.160866 0.00309844 0.153072 0.00733125 0.140409 0.0135047 0.141383 0.0175609 0.155995 0.0224984 0.188138 0.0266703 0.211017 0.0265547 0.192034 0.0228516 0.168658 0.0173844 0.139434
0 0.0309641 0.144305 0.0362547 0.131642 0.0399594 0.1537 0.0447719 0.181542 0.0487812 0.215078 0.0539359 0.253672 0.0548531 0.228997 0.0530188 0.199258 0.0495828 0.178378 0.0471891 0.149175 0.0422516 0.126772 0.0353734 0.116058 0.0264406 0.125859 0.0237328 0.141383 0.0185359 0.170784 0.0167516 0.217109 0.0216172 0.19788 0.0262016 0.170605 0.0309641 0.144305
0 0.0584766 0.184242 0.0618281 0.160866 0.0652719 0.1629 0.0672203 0.151509 0.0698547 0.14645 0.0722609 0.16037 0.0761563 0.165433 0.0822859 0.190088 0.0866953 0.221258 0.090575 0.237816 0.0895172 0.216388 0.0856359 0.194958 0.0812281 0.162812 0.0784062 0.140409 0.0722328 0.129695 0.0667656 0.130667 0.0616516 0.138459 0.0570656 0.165734 0.0528328 0.175475 0.0501875 0.217359 0.0478297 0.240258 0.0528328 0.22223 0.0553016 0.201775 0.0584766 0.184242
0 0.111738 0.147228 0.1068 0.134566 0.100275 0.125797 0.0939266 0.135538 0.0868719 0.17645 0.0819328 0.215413 0.0798172 0.254375 0.0829906 0.242688 0.0894344 0.208155 0.0928719 0.180313 0.0967672 0.156903 0.101234 0.151841 0.105703 0.158167 0.108567 0.162597 0.112973 0.17645 0.11703 0.201775 0.121889 0.240258 0.121791 0.220283 0.116147 0.17645 0.111738 0.147228
0 0.116853 0.182295 0.121086 0.160866 0.127081 0.147228 0.131844 0.157942 0.13643 0.17645 0.141014 0.200803 0.144013 0.187166 0.136958 0.160866 0.133784 0.138459 0.127964 0.130667 0.120556 0.138459 0.115089 0.170605 0.106681 0.23173 0.108741 0.234892 0.112091 0.210542 0.116853 0.182295
0 0.142317 0.167184 0.147431 0.149653 0.154486 0.150625 0.158895 0.163291 0.158014 0.144783 0.155545 0.136016 0.146197 0.139912 0.139672 0.169133 0.135616 0.19933 0.131147 0.22442 0.134205 0.223683 0.138614 0.191537 0.142317 0.167184
0 0.222639 0.149178 0.227755 0.1784 0.234809 0.219313 0.238689 0.253405 0.240277 0.245613 0.233927 0.193013 0.228813 0.165738 0.223169 0.136516 0.215408 0.1258 0.210117 0.136516 0.206944 0.149178 0.204473 0.162816 0.201828 0.186192 0.199006 0.20957 0.198373 0.226855 0.202358 0.203728 0.208002 0.168659 0.215937 0.137491 0.222639 0.149178
0 0.232869 0.182297 0.237631 0.159892 0.242392 0.145283 0.248566 0.138466 0.252445 0.15405 0.257383 0.18522 0.263908 0.228078 0.263556 0.20957 0.258264 0.172558 0.254738 0.150153 0.249798 0.126775 0.242922 0.123853 0.236395 0.143334 0.230047 0.190091 0.22652 0.21152 0.223722 0.241475 0.226872 0.234897 0.227755 0.215416 0.232869 0.182297
0 0.28668 0.160245 0.289316 0.142528 0.293095 0.13367 0.29722 0.137466 0.300656 0.152653 0.305009 0.177959 0.309134 0.211495 0.314348 0.208597 0.311527 0.182297 0.308352 0.15892 0.304295 0.135542 0.299358 0.118983 0.293361 0.108267 0.288423 0.118983 0.283838 0.136516 0.280311 0.162816 0.277312 0.18522 0.275078 0.212234 0.279119 0.215292 0.2829 0.188717 0.28668 0.160245
0 0.309822 0.180492 0.311884 0.165941 0.31532 0.146958 0.319992 0.134567 0.323872 0.145283 0.327928 0.166712 0.336056 0.211495 0.339494 0.197575 0.332734 0.158978 0.328037 0.130505 0.32158 0.118983 0.316994 0.116059 0.31188 0.123853 0.308528 0.143334 0.304119 0.167684 0.300205 0.202488 0.303589 0.201778 0.305883 0.194959 0.309822 0.180492
0 0.34383 0.153283 0.34828 0.139953 0.352587 0.140903 0.356895 0.158034 0.360686 0.18278 0.36517 0.187375 0.364287 0.164972 0.361291 0.146466 0.357409 0.123087 0.351237 0.117242 0.344006 0.126983 0.338186 0.15718 0.332827 0.197616 0.336598 0.187375 0.339067 0.167895 0.34383 0.153283
0 0.341008 0.201012 0.336775 0.201012 0.332014 0.205883 0.328486 0.21465 0.321431 0.247767 0.322138 0.261405 0.324783 0.254584 0.33025 0.237053 0.334836 0.221467 0.340127 0.227312 0.345241 0.232183 0.348697 0.24513 0.348062 0.225366 0.344711 0.210753 0.341008 0.201012
0 0.308558 0.215622 0.302208 0.217572 0.296211 0.227312 0.289158 0.26725 0.289686 0.281859 0.293566 0.26043 0.30115 0.238028 0.305383 0.231208 0.309439 0.23413 0.314553 0.242897 0.318941 0.263405 0.318786 0.239975 0.313848 0.225366 0.308558 0.215622
0 0.285453 0.23608 0.27787 0.239 0.273108 0.244845 0.266406 0.277966 0.267466 0.289653 0.270639 0.275042 0.274872 0.2653 0.280516 0.248742 0.287217 0.253613 0.29092 0.259458 0.294695 0.273153 0.294095 0.252637 0.291097 0.24095 0.285453 0.23608
0 0.252473 0.277966 0.26288 0.269197 0.268523 0.273092 0.271345 0.283808 0.273461 0.281859 0.271169 0.255559 0.265702 0.246792 0.259 0.249716 0.25265 0.263353 0.248594 0.280884 0.244009 0.299392 0.240914 0.325542 0.244714 0.316928 0.24877 0.28673 0.252473 0.277966
0 0.361995 0.202959 0.366581 0.2127 0.372753 0.220492 0.375928 0.222442 0.369227 0.198091 0.363583 0.191272 0.358644 0.200038 0.353883 0.203934 0.350531 0.227312 0.347814 0.243913 0.351589 0.233158 0.355998 0.218545 0.361995 0.202959
0 0.414105 0.119013 0.404798 0.106641 0.398502 0.119191 0.394094 0.14062 0.389636 0.177067 0.38845 0.194195 0.393255 0.186584 0.398078 0.15518 0.403441 0.13088 0.409612 0.14062 0.413669 0.16205 0.418347 0.184213 0.421514 0.175166 0.417378 0.151372 0.414105 0.119013
0 0.386045 0.209772 0.391689 0.204903 0.396098 0.2088 0.400153 0.220488 0.404034 0.223409 0.402094 0.204903 0.39645 0.18737 0.389572 0.183472 0.383928 0.195162 0.378894 0.2232 0.37758 0.229255 0.382341 0.226333 0.386045 0.209772
0 0.415145 0.207825 0.419553 0.203928 0.424669 0.220488 0.429783 0.225358 0.427489 0.203928 0.423434 0.189317 0.417614 0.18055 0.411794 0.18542 0.404683 0.217109 0.40668 0.227305 0.410736 0.214642 0.415145 0.207825
0 0.422552 0.12795 0.417261 0.152303 0.4125 0.188342 0.413028 0.210747 0.414969 0.190292 0.417261 0.168862 0.421317 0.150355 0.427138 0.131847 0.433309 0.13477 0.437191 0.155225 0.441952 0.171784 0.444406 0.189213 0.444069 0.184447 0.443695 0.156158 0.440269 0.130738 0.434491 0.10748 0.427666 0.110417 0.422552 0.12795
0 0.450128 0.159258 0.454437 0.138703 0.458883 0.13477 0.464527 0.148408 0.468759 0.170809 0.471581 0.177628 0.472652 0.160337 0.466995 0.12795 0.460294 0.0997031 0.452709 0.112366 0.449006 0.130872 0.44548 0.153278 0.443469 0.167909 0.445134 0.182516 0.44817 0.177105 0.450128 0.159258
0 0.444069 0.195162 0.449536 0.207825 0.45465 0.221462 0.45853 0.222434 0.455531 0.203928 0.450064 0.181525 0.440894 0.184447 0.43578 0.199058 0.43003 0.219545 0.432428 0.221462 0.439483 0.204903 0.444069 0.195162
0 0.479694 0.135742 0.484455 0.1299 0.492039 0.153278 0.497506 0.190292 0.502091 0.190292 0.498741 0.151328 0.495391 0.120158 0.487806 0.100678 0.482516 0.107495 0.477577 0.12503 0.473697 0.143534 0.469705 0.179341 0.472462 0.18055 0.475461 0.162042 0.479694 0.135742
0 0.470698 0.197109 0.475638 0.201008 0.480047 0.219512 0.484984 0.224384 0.482516 0.196134 0.476519 0.181525 0.471228 0.177628 0.465408 0.186395 0.462056 0.197109 0.458462 0.214672 0.46047 0.215617 0.465761 0.207825 0.470698 0.197109
0 0.498741 0.18737 0.505266 0.193213 0.506677 0.2088 0.512673 0.215617 0.511792 0.203928 0.510556 0.194188 0.505442 0.179578 0.499975 0.173733 0.495566 0.168862 0.489394 0.183472 0.485161 0.203928 0.489217 0.20685 0.492744 0.189317 0.498741 0.18737
0 0.504384 0.152303 0.509145 0.128925 0.513731 0.12503 0.519198 0.138666 0.522902 0.16107 0.52643 0.1825 0.527664 0.164966 0.525789 0.147878 0.520403 0.113259 0.512373 0.101362 0.504561 0.124055 0.500858 0.155225 0.496595 0.18665 0.498564 0.189317 0.501386 0.168862 0.504384 0.152303
0 0.529603 0.150355 0.532602 0.138666 0.535247 0.128925 0.540716 0.128925 0.545123 0.135742 0.548828 0.157172 0.553413 0.196134 0.55165 0.167887 0.551297 0.151328 0.546359 0.124055 0.540891 0.102625 0.534211 0.102445 0.528369 0.136717 0.524367 0.169592 0.525019 0.178603 0.526958 0.166916 0.529603 0.150355
0 0.525372 0.194188 0.52978 0.205878 0.533131 0.220488 0.536834 0.217566 0.533661 0.193213 0.531191 0.178603 0.527311 0.17568 0.52255 0.177628 0.516023 0.18055 0.511142 0.203708 0.514614 0.216592 0.520609 0.20198 0.525372 0.194188
0 0.556517 0.203672 0.561103 0.214388 0.56463 0.23192 0.565864 0.241659 0.567981 0.22705 0.562514 0.20075 0.558986 0.186141 0.554225 0.171528 0.548581 0.173475 0.543819 0.182242 0.538175 0.199775 0.536059 0.217309 0.537372 0.23782 0.543466 0.204645 0.549109 0.191983 0.553872 0.192958 0.556517 0.203672
0 0.566622 0.0939094 0.562866 0.096525 0.556536 0.0998578 0.553695 0.119903 0.549109 0.152047 0.547345 0.168605 0.550344 0.171528 0.554753 0.140358 0.558809 0.125747 0.562161 0.115033 0.566394 0.11698 0.569392 0.134512 0.572391 0.146203 0.574506 0.162759 0.576445 0.170553 0.57903 0.157409 0.574506 0.128667 0.570097 0.110163 0.568875 0.0987781 0.566622 0.0939094
0 0.587125 0.127695 0.590477 0.115033 0.594533 0.111134 0.598236 0.117955 0.601941 0.142305 0.606348 0.175425 0.608594 0.164387 0.605862 0.13323 0.601764 0.114538 0.597689 0.0885 0.588191 0.0912047 0.583422 0.125747 0.579895 0.146203 0.577805 0.167158 0.579719 0.164709 0.582892 0.145228 0.587125 0.127695
0 0.636409 0.141333 0.639408 0.12185 0.643288 0.110163 0.649813 0.11698 0.653164 0.132566 0.655633 0.159841 0.655986 0.163734 0.661453 0.188088 0.66163 0.178347 0.659336 0.158866 0.656339 0.131591 0.652634 0.110163 0.647933 0.0897672 0.63968 0.093375 0.636939 0.113083 0.633411 0.131591 0.631119 0.152047 0.628183 0.174467 0.630766 0.176397 0.633234 0.154967 0.636409 0.141333
0 0.587028 0.186141 0.58015 0.176397 0.574683 0.173475 0.570978 0.186141 0.566217 0.20075 0.561808 0.225103 0.562338 0.249453 0.567275 0.228025 0.571861 0.206595 0.576798 0.189059 0.580503 0.187112 0.585794 0.20075 0.58985 0.218283 0.595561 0.243913 0.595317 0.23192 0.592142 0.210491 0.587028 0.186141
0 0.617264 0.188953 0.608623 0.175316 0.603442 0.175038 0.598041 0.182134 0.594867 0.187978 0.590811 0.205512 0.584991 0.23863 0.58693 0.251292 0.589223 0.240578 0.591163 0.230837 0.595572 0.21915 0.598923 0.203563 0.603933 0.19505 0.609152 0.19577 0.612327 0.204537 0.616383 0.218175 0.622134 0.252578 0.623084 0.234734 0.620792 0.214278 0.617264 0.188953
0 0.392347 0.14393 0.389827 0.126213 0.386847 0.10913 0.380317 0.107233 0.375964 0.117987 0.372528 0.128113 0.368289 0.147728 0.364394 0.169241 0.359353 0.221758 0.362217 0.218592 0.36428 0.203408 0.367486 0.181895 0.370122 0.165442 0.373787 0.142666 0.379859 0.129378 0.384556 0.13697 0.388338 0.150891 0.393881 0.186933 0.395783 0.17177 0.394066 0.159747 0.392347 0.14393
0 0.211947 0.173805 0.20695 0.151916 0.203503 0.131928 0.194198 0.130978 0.188684 0.1443 0.184548 0.159528 0.179552 0.200453 0.174383 0.229005 0.175761 0.252797 0.178002 0.24328 0.181102 0.212825 0.184031 0.195695 0.188167 0.17095 0.189545 0.163334 0.195233 0.157625 0.203331 0.172853 0.207639 0.19855 0.214016 0.229005 0.215394 0.225197 0.214016 0.204259 0.211947 0.173805
0 0.687492 0.183088 0.68612 0.174433 0.683869 0.154963 0.682619 0.139959 0.679755 0.123009 0.676817 0.108947 0.671528 0.0986703 0.667416 0.11057 0.665162 0.120305 0.663106 0.131666 0.661148 0.14735 0.657917 0.161413 0.653608 0.181966 0.650572 0.19823 0.652825 0.195528 0.65635 0.1917 0.659092 0.176555 0.662716 0.150595 0.666339 0.131666 0.669277 0.115478 0.672998 0.123592 0.676133 0.135491 0.678286 0.149553 0.68142 0.166859 0.683477 0.179842 0.687492 0.203641 0.687589 0.206884 0.687883 0.202558 0.687492 0.183088
0 0.727936 0.133328 0.732636 0.131705 0.737434 0.146847 0.741939 0.163616 0.744486 0.174433 0.746053 0.193905 0.748206 0.21013 0.750948 0.202017 0.747522 0.17227 0.743213 0.154963 0.74145 0.145225 0.7396 0.12937 0.736334 0.111333 0.731466 0.10838 0.725683 0.111692 0.721864 0.133328 0.719514 0.146308 0.716967 0.160909 0.714225 0.174433 0.711973 0.185791 0.710505 0.19715 0.709036 0.214997 0.712669 0.209175 0.717458 0.181466 0.721178 0.161453 0.725683 0.142522 0.727936 0.133328
0 0.643998 0.203088 0.640375 0.194975 0.636556 0.188483 0.631464 0.182534 0.625587 0.19227 0.6203 0.201466 0.617264 0.22418 0.616872 0.24203 0.619517 0.235541 0.623336 0.221478 0.628231 0.210117 0.632442 0.205792 0.63822 0.217691 0.643705 0.238242 0.645369 0.231212 0.646153 0.219855 0.643998 0.203088
0 0.632834 0.143592 0.630484 0.128447 0.62882 0.115467 0.626469 0.0992406 0.621964 0.0943719 0.617753 0.0949125 0.613248 0.110058 0.610116 0.123037 0.606687 0.149541 0.607667 0.168472 0.609331 0.157655 0.612073 0.138725 0.613739 0.132233 0.619712 0.112763 0.622356 0.115467 0.625881 0.121958 0.63068 0.14197 0.632247 0.149 0.635478 0.177125 0.635088 0.170095 0.634206 0.156033 0.632834 0.143592
0 0.771133 0.189833 0.769763 0.173066 0.767413 0.15738 0.764083 0.137367 0.761294 0.117483 0.755866 0.107708 0.751208 0.109909 0.748513 0.123305 0.7443 0.141153 0.741167 0.161166 0.738033 0.177933 0.736564 0.191995 0.737838 0.201191 0.739306 0.191995 0.740775 0.176309 0.742441 0.165492 0.746847 0.150891 0.749002 0.140613 0.752233 0.131417 0.755856 0.130334 0.758892 0.137908 0.761437 0.149267 0.763495 0.160625 0.766433 0.179555 0.770314 0.19835 0.770056 0.197403 0.77035 0.200108 0.771133 0.189833
0 0.796791 0.197403 0.793853 0.180095 0.79062 0.162247 0.78842 0.138578 0.78225 0.107747 0.773241 0.111533 0.772014 0.123845 0.767216 0.142775 0.762908 0.1709 0.758794 0.189291 0.755955 0.217416 0.7585 0.229316 0.760948 0.21363 0.762123 0.202272 0.765159 0.181178 0.767509 0.164409 0.771231 0.14548 0.777009 0.135745 0.782198 0.141153 0.786409 0.159542 0.78925 0.185505 0.791795 0.203353 0.79675 0.23353 0.798553 0.233642 0.797672 0.220659 0.796791 0.197403
0 0.890978 0.181583 0.889927 0.162495 0.887772 0.141403 0.882973 0.120308 0.877197 0.106245 0.871809 0.106245 0.864858 0.125175 0.861234 0.151137 0.860255 0.150055 0.85827 0.176175 0.856409 0.190778 0.852883 0.228637 0.854842 0.225934 0.857192 0.208625 0.859248 0.190238 0.861136 0.17223 0.863683 0.156545 0.866425 0.144105 0.874748 0.123012 0.88033 0.137616 0.884541 0.156005 0.88983 0.189537 0.891566 0.221608 0.893523 0.210791 0.892544 0.199972 0.890978 0.181583
0 0.941081 0.169413 0.938927 0.14832 0.936969 0.131009 0.932072 0.11208 0.928939 0.105591 0.923748 0.10505 0.919048 0.115867 0.915131 0.131553 0.911802 0.149942 0.908667 0.166167 0.905338 0.188342 0.9024 0.228908 0.904456 0.222958 0.908864 0.201866 0.911409 0.187803 0.914248 0.16725 0.916697 0.154267 0.921006 0.136959 0.925511 0.12398 0.928448 0.133716 0.930505 0.137503 0.933933 0.148859 0.937752 0.169953 0.939319 0.181853 0.942319 0.208233 0.943334 0.194833 0.942256 0.179147 0.941081 0.169413
0 0.968306 0.170495 0.966248 0.158595 0.963703 0.141288 0.961255 0.127766 0.958414 0.114245 0.955575 0.103967 0.953322 0.101805 0.947839 0.105591 0.946077 0.111541 0.941866 0.131553 0.939809 0.145072 0.937752 0.1613 0.934325 0.189425 0.935989 0.202405 0.93687 0.197538 0.938144 0.188883 0.940397 0.175363 0.942844 0.158595 0.945097 0.141288 0.949503 0.120192 0.952931 0.120734 0.956261 0.12452 0.958905 0.134255 0.961744 0.151022 0.965367 0.172658 0.969464 0.202416 0.969775 0.193209 0.969383 0.184016 0.968306 0.170495
0 0.973006 0.12452 0.977022 0.121817 0.98133 0.13047 0.983583 0.141828 0.985933 0.153728 0.988283 0.167791 0.990242 0.178608 0.991808 0.183475 0.992102 0.159678 0.990437 0.146695 0.986814 0.133175 0.984659 0.121275 0.980056 0.109378 0.977706 0.103967 0.972517 0.107755 0.968306 0.116408 0.965466 0.129388 0.963802 0.144533 0.960862 0.162922 0.959884 0.171575 0.958806 0.195916 0.960727 0.187128 0.964584 0.161841 0.967033 0.1494 0.970363 0.133175 0.973006 0.12452
0 0.939809 0.213762 0.936675 0.214305 0.931778 0.219713 0.928939 0.228908 0.925412 0.24297 0.923553 0.251083 0.921105 0.275962 0.923553 0.27975 0.925119 0.26785 0.928056 0.258116 0.932366 0.246216 0.937262 0.247297 0.940102 0.24297 0.943041 0.239725 0.946077 0.249459 0.949406 0.256492 0.95205 0.271638 0.954497 0.285158 0.958905 0.303041 0.958905 0.294892 0.957827 0.27975 0.953813 0.259738 0.949209 0.241887 0.944606 0.213762 0.939809 0.213762
0 0.920614 0.274341 0.91895 0.262442 0.914347 0.258116 0.910528 0.253247 0.907297 0.256492 0.901812 0.259738 0.899266 0.26785 0.895545 0.27975 0.892803 0.296516 0.890942 0.310578 0.89153 0.325183 0.892314 0.319772 0.893586 0.310038 0.895644 0.304088 0.899952 0.292191 0.902205 0.285158 0.908178 0.270012 0.912095 0.270012 0.916502 0.275962 0.923553 0.307333 0.923259 0.300303 0.922867 0.290025 0.920614 0.274341
0 0.899695 0.34207 0.903025 0.35505 0.904592 0.3491 0.904003 0.33558 0.899597 0.31773 0.897345 0.303128 0.891469 0.293933 0.886867 0.293392 0.880697 0.304209 0.87727 0.309078 0.873941 0.320975 0.868064 0.34207 0.864539 0.368033 0.86542 0.382634 0.868259 0.375062 0.869827 0.362622 0.872862 0.346938 0.878152 0.33017 0.889706 0.324763 0.897736 0.336659 0.896366 0.337742 0.897933 0.339366 0.899695 0.34207
0 0.285994 0.162103 0.283456 0.14248 0.280327 0.127066 0.276942 0.112116 0.271275 0.108842 0.267638 0.11445 0.26527 0.123792 0.261548 0.140145 0.25918 0.157897 0.256558 0.178455 0.253005 0.20228 0.251481 0.220503 0.253597 0.223772 0.255288 0.21723 0.258225 0.215255 0.261653 0.1947 0.264395 0.173608 0.267234 0.156841 0.271191 0.130803 0.274489 0.135472 0.278634 0.153692 0.283625 0.177988 0.287337 0.204055 0.288531 0.191534 0.287178 0.17752 0.285994 0.162103
0 0.706783 0.120305 0.703944 0.112733 0.699928 0.11652 0.696794 0.123009 0.692975 0.13545 0.689058 0.157084 0.684064 0.19765 0.685923 0.202517 0.687491 0.18575 0.691213 0.169525 0.69513 0.150053 0.697088 0.140858 0.700222 0.130583 0.701984 0.130583 0.705608 0.13545 0.709231 0.148972 0.712561 0.168984 0.716148 0.205747 0.716478 0.196028 0.716772 0.17223 0.714519 0.158167 0.712462 0.147891 0.70972 0.131122 0.706783 0.120305
0 0.804202 0.121258 0.808119 0.124505 0.811253 0.134241 0.814092 0.150466 0.816345 0.16615 0.819478 0.177508 0.82085 0.174805 0.818989 0.15317 0.816345 0.141813 0.812917 0.126128 0.809 0.110442 0.805867 0.10287 0.801069 0.108817 0.797445 0.120717 0.793919 0.141813 0.791569 0.156955 0.788534 0.178591 0.787358 0.192653 0.789513 0.198063 0.794506 0.168855 0.797641 0.145597 0.801069 0.127208 0.804202 0.121258
0 0.854733 0.145597 0.857964 0.168316 0.860902 0.180212 0.862762 0.193734 0.863841 0.168855 0.858159 0.14668 0.853753 0.12883 0.85013 0.121258 0.843373 0.111522 0.838183 0.115309 0.836028 0.130995 0.83407 0.148303 0.836527 0.153703 0.840925 0.133158 0.846409 0.129913 0.850522 0.133697 0.854733 0.145597
0 0.975842 0.215791 0.972609 0.20335 0.968106 0.199563 0.96507 0.192533 0.95988 0.195238 0.953319 0.212003 0.951263 0.218495 0.947345 0.236883 0.944112 0.262305 0.946072 0.266091 0.948617 0.25365 0.951263 0.241209 0.952534 0.235259 0.959488 0.214167 0.964286 0.214167 0.969869 0.218495 0.973394 0.233097 0.977506 0.24662 0.978387 0.238505 0.977311 0.224984 0.975842 0.215791
