0 0.0173844 0.139434 0.0131516 0.125797 0.00521562 0.127745 0.000629688 0.140409 0.000629688 0.160866 0.00309844 0.153072 0.00733125 0.140409 0.0135047 0.141383 0.0175609 0.155995 0.0224984 0.188138 0.0266703 0.211017 0.0265547 0.192034 0.0228516 0.168658 0.0173844 0.139434
0 0.0309641 0.144305 0.0362547 0.131642 0.0413687 0.146253 0.0475422 0.17158 0.0515984 0.20275 0.0577719 0.241712 0.0563609 0.22418 0.0542438 0.196905 0.0510703 0.175475 0.0471891 0.149175 0.0422516 0.126772 0.0353734 0.116058 0.0281422 0.135538 0.0237328 0.141383 0.0212641 0.17645 0.0167516 0.217109 0.0216172 0.19788 0.0262016 0.170605 0.0309641 0.144305
0 0.0584766 0.184242 0.0618281 0.160866 0.0650016 0.142358 0.0692344 0.135538 0.0732906 0.14333 0.0773469 0.155995 0.0822859 0.190088 0.0866953 0.221258 0.090575 0.237816 0.0895172 0.216388 0.0856359 0.194958 0.0812281 0.162812 0.0784062 0.140409 0.0722328 0.129695 0.0667656 0.130667 0.0616516 0.138459 0.0570656 0.165734 0.0528328 0.175475 0.0501875 0.217359 0.0478297 0.240258 0.0528328 0.22223 0.0553016 0.201775 0.0584766 0.184242
0 0.111738 0.147228 0.1068 0.134566 0.100275 0.125797 0.0939266 0.135538 0.0868719 0.17645 0.0819328 0.215413 0.0798172 0.254375 0.0829906 0.242688 0.0874 0.200803 0.0916328 0.17158 0.0965719 0.151122 0.101686 0.14333 0.106977 0.148203 0.112973 0.17645 0.11703 0.201775 0.121889 0.240258 0.121791 0.220283 0.116147 0.17645 0.111738 0.147228
0 0.116853 0.182295 0.121086 0.160866 0.127081 0.147228 0.131844 0.157942 0.13643 0.17645 0.141014 0.200803 0.144013 0.187166 0.136958 0.160866 0.133784 0.138459 0.127964 0.130667 0.120556 0.138459 0.115089 0.170605 0.106681 0.23173 0.108741 0.234892 0.112091 0.210542 0.116853 0.182295
0 0.142317 0.167184 0.147431 0.149653 0.154486 0.150625 0.158895 0.163291 0.158014 0.144783 0.155545 0.136016 0.146197 0.139912 0.139672 0.169133 0.135616 0.19933 0.131147 0.22442 0.134205 0.223683 0.138614 0.191537 0.142317 0.167184
0 0.222639 0.149178 0.227755 0.1784 0.234809 0.219313 0.238689 0.253405 0.240277 0.245613 0.233927 0.193013 0.228813 0.165738 0.223169 0.136516 0.215408 0.1258 0.210117 0.136516 0.206944 0.149178 0.204473 0.162816 0.201828 0.186192 0.199006 0.20957 0.198373 0.226855 0.202358 0.203728 0.208002 0.168659 0.215937 0.137491 0.222639 0.149178
0 0.232869 0.182297 0.237631 0.159892 0.242392 0.145283 0.248566 0.138466 0.252445 0.15405 0.257383 0.18522 0.263908 0.228078 0.263556 0.20957 0.258264 0.172558 0.254738 0.150153 0.249798 0.126775 0.242922 0.123853 0.236395 0.143334 0.230047 0.190091 0.22652 0.21152 0.223722 0.241475 0.226872 0.234897 0.227755 0.215416 0.232869 0.182297
0 0.265319 0.15697 0.269552 0.136516 0.275902 0.141384 0.283484 0.172558 0.2886 0.220284 0.294242 0.223208 0.291069 0.201778 0.284191 0.150153 0.277312 0.123853 0.270258 0.118008 0.26338 0.138466 0.259147 0.167684 0.254561 0.198855 0.252816 0.221983 0.255972 0.222234 0.259147 0.192037 0.265319 0.15697
0 0.285778 0.155997 0.288952 0.138466 0.292655 0.122878 0.297064 0.126775 0.30112 0.141384 0.30553 0.163791 0.309409 0.189116 0.314348 0.208597 0.311527 0.182297 0.308352 0.15892 0.304295 0.135542 0.299358 0.118983 0.293361 0.108267 0.288423 0.118983 0.283838 0.136516 0.280311 0.162816 0.277312 0.18522 0.275078 0.212234 0.278547 0.201778 0.281897 0.1784 0.285778 0.155997
0 0.307998 0.170608 0.310997 0.159892 0.314348 0.134567 0.319992 0.134567 0.323872 0.145283 0.327928 0.166712 0.333219 0.194959 0.334277 0.18522 0.33022 0.15697 0.325987 0.131645 0.32158 0.118983 0.316994 0.116059 0.31188 0.123853 0.308528 0.143334 0.304119 0.167684 0.300205 0.202488 0.303589 0.201778 0.305883 0.194959 0.307998 0.170608
0 0.34383 0.153283 0.348416 0.131853 0.354059 0.133803 0.357762 0.144517 0.362172 0.165945 0.36517 0.187375 0.364287 0.164972 0.361291 0.146466 0.357409 0.123087 0.351237 0.117242 0.344006 0.126983 0.338186 0.15718 0.332827 0.197616 0.336598 0.187375 0.339067 0.167895 0.34383 0.153283
0 0.341008 0.201012 0.336775 0.201012 0.332014 0.205883 0.328486 0.21465 0.321431 0.247767 0.322138 0.261405 0.324783 0.254584 0.33025 0.237053 0.334836 0.221467 0.340127 0.227312 0.345241 0.232183 0.348697 0.24513 0.348062 0.225366 0.344711 0.210753 0.341008 0.201012
0 0.308558 0.215622 0.302208 0.217572 0.296211 0.227312 0.289158 0.26725 0.289686 0.281859 0.293566 0.26043 0.30115 0.238028 0.305383 0.231208 0.309439 0.23413 0.314553 0.242897 0.318941 0.263405 0.318786 0.239975 0.313848 0.225366 0.308558 0.215622
0 0.285453 0.23608 0.27787 0.239 0.273108 0.244845 0.266406 0.277966 0.267466 0.289653 0.270639 0.275042 0.274872 0.2653 0.280516 0.248742 0.287217 0.253613 0.29092 0.259458 0.294695 0.273153 0.294095 0.252637 0.291097 0.24095 0.285453 0.23608
0 0.252473 0.277966 0.26288 0.269197 0.268523 0.273092 0.271345 0.283808 0.273461 0.281859 0.271169 0.255559 0.265702 0.246792 0.259 0.249716 0.25265 0.263353 0.248594 0.280884 0.244009 0.299392 0.240914 0.325542 0.244714 0.316928 0.24877 0.28673 0.252473 0.277966
0 0.361995 0.202959 0.366581 0.2127 0.372753 0.220492 0.375928 0.222442 0.369227 0.198091 0.363583 0.191272 0.358644 0.200038 0.353883 0.203934 0.350531 0.227312 0.347814 0.243913 0.351589 0.233158 0.355998 0.218545 0.361995 0.202959
0 0.37293 0.145491 0.378397 0.13088 0.385275 0.142567 0.390742 0.158153 0.394622 0.190297 0.397091 0.186403 0.394094 0.167895 0.390212 0.146466 0.385452 0.127958 0.377516 0.120166 0.371872 0.138672 0.366405 0.168867 0.361702 0.2098 0.366052 0.19322 0.369755 0.165945 0.37293 0.145491
0 0.410319 0.124059 0.40538 0.116267 0.398502 0.119191 0.394094 0.14062 0.38792 0.172766 0.38845 0.194195 0.391448 0.175687 0.396033 0.144517 0.403441 0.13088 0.409612 0.14062 0.413669 0.16205 0.418347 0.184213 0.416844 0.163997 0.414022 0.149388 0.410319 0.124059
0 0.386045 0.209772 0.391689 0.204903 0.396098 0.2088 0.400153 0.220488 0.404034 0.223409 0.402094 0.204903 0.39645 0.18737 0.389572 0.183472 0.383928 0.195162 0.378894 0.2232 0.37758 0.229255 0.382341 0.226333 0.386045 0.209772
0 0.415145 0.207825 0.419553 0.203928 0.424669 0.220488 0.429783 0.225358 0.427489 0.203928 0.423434 0.189317 0.417614 0.18055 0.411794 0.18542 0.404683 0.217109 0.40668 0.227305 0.410736 0.214642 0.415145 0.207825
0 0.422552 0.12795 0.417261 0.152303 0.4125 0.188342 0.413028 0.210747 0.414969 0.190292 0.417261 0.168862 0.421317 0.150355 0.427138 0.131847 0.433309 0.13477 0.437191 0.155225 0.441952 0.171784 0.444406 0.189213 0.444069 0.184447 0.441598 0.155225 0.438248 0.136717 0.433486 0.116263 0.427666 0.110417 0.422552 0.12795
0 0.448125 0.14938 0.453416 0.130872 0.458883 0.13477 0.464527 0.148408 0.468759 0.170809 0.471581 0.177628 0.470698 0.159122 0.466995 0.12795 0.460294 0.0997031 0.452709 0.112366 0.449006 0.130872 0.44548 0.153278 0.440389 0.192742 0.441775 0.188342 0.444773 0.17568 0.448125 0.14938
0 0.444069 0.195162 0.449536 0.207825 0.45465 0.221462 0.45853 0.222434 0.455531 0.203928 0.450064 0.181525 0.440894 0.184447 0.43578 0.199058 0.43003 0.219545 0.432428 0.221462 0.439483 0.204903 0.444069 0.195162
0 0.479694 0.135742 0.484455 0.1299 0.492039 0.153278 0.497506 0.190292 0.502091 0.190292 0.498741 0.151328 0.495391 0.120158 0.487806 0.100678 0.482516 0.107495 0.477577 0.12503 0.473697 0.143534 0.469705 0.179341 0.472462 0.18055 0.475461 0.162042 0.479694 0.135742
0 0.470698 0.197109 0.475638 0.201008 0.480047 0.219512 0.484984 0.224384 0.482516 0.196134 0.476519 0.181525 0.471228 0.177628 0.465408 0.186395 0.462056 0.197109 0.458462 0.214672 0.46047 0.215617 0.465761 0.207825 0.470698 0.197109
0 0.498741 0.18737 0.505266 0.193213 0.506677 0.2088 0.512673 0.215617 0.511792 0.203928 0.510556 0.194188 0.505442 0.179578 0.499975 0.173733 0.495566 0.168862 0.489394 0.183472 0.485161 0.203928 0.489217 0.20685 0.492744 0.189317 0.498741 0.18737
0 0.504384 0.152303 0.509145 0.128925 0.513731 0.12503 0.519198 0.138666 0.522902 0.16107 0.52643 0.1825 0.527664 0.164966 0.523608 0.147433 0.519198 0.114316 0.510556 0.106522 0.504561 0.124055 0.500858 0.155225 0.496595 0.18665 0.498564 0.189317 0.501386 0.168862 0.504384 0.152303
0 0.529603 0.150355 0.532602 0.138666 0.535247 0.128925 0.540716 0.128925 0.545123 0.135742 0.548828 0.157172 0.553413 0.196134 0.55165 0.167887 0.551297 0.151328 0.546359 0.124055 0.540891 0.102625 0.5356 0.109442 0.528369 0.136717 0.524367 0.169592 0.525019 0.178603 0.526958 0.166916 0.529603 0.150355
0 0.525372 0.194188 0.52978 0.205878 0.533131 0.220488 0.536834 0.217566 0.533661 0.193213 0.531191 0.178603 0.527311 0.17568 0.52255 0.177628 0.516023 0.18055 0.511142 0.203708 0.514614 0.216592 0.520609 0.20198 0.525372 0.194188
0 0.556517 0.203672 0.561103 0.214388 0.56463 0.23192 0.565864 0.241659 0.567981 0.22705 0.562514 0.20075 0.558986 0.186141 0.554225 0.171528 0.548581 0.173475 0.543819 0.182242 0.538175 0.199775 0.536059 0.217309 0.537372 0.23782 0.543466 0.204645 0.549109 0.191983 0.553872 0.192958 0.556517 0.203672
0 0.562866 0.096525 0.557752 0.109187 0.553695 0.119903 0.549109 0.152047 0.547345 0.168605 0.550344 0.171528 0.554753 0.140358 0.558809 0.125747 0.562161 0.115033 0.566394 0.11698 0.569392 0.134512 0.572391 0.146203 0.574506 0.162759 0.576445 0.170553 0.57903 0.157409 0.574506 0.128667 0.570097 0.110163 0.566394 0.103342 0.562866 0.096525
0 0.587028 0.127695 0.590378 0.115033 0.594434 0.111134 0.598139 0.117955 0.601842 0.142305 0.606252 0.175425 0.606428 0.163734 0.603606 0.134512 0.600078 0.114058 0.595494 0.105291 0.588967 0.0984719 0.583325 0.125747 0.579797 0.146203 0.577708 0.167158 0.57962 0.164709 0.582795 0.145228 0.587028 0.127695
0 0.615245 0.130617 0.61895 0.113083 0.623888 0.119903 0.627414 0.134512 0.632353 0.163734 0.638173 0.194905 0.637644 0.177372 0.635175 0.154967 0.632 0.135488 0.628297 0.115033 0.624417 0.108213 0.618773 0.101395 0.61507 0.109187 0.612248 0.119903 0.609073 0.142305 0.6057 0.17203 0.609073 0.168605 0.611895 0.147175 0.615245 0.130617
0 0.636409 0.141333 0.639408 0.12185 0.643288 0.110163 0.649813 0.11698 0.653164 0.132566 0.655633 0.159841 0.655986 0.163734 0.661453 0.188088 0.66163 0.178347 0.659336 0.158866 0.656339 0.131591 0.652634 0.110163 0.64805 0.103342 0.640819 0.101395 0.636939 0.113083 0.633411 0.131591 0.631119 0.152047 0.628183 0.174467 0.630766 0.176397 0.633234 0.154967 0.636409 0.141333
0 0.587028 0.186141 0.58015 0.176397 0.574683 0.173475 0.570978 0.186141 0.566217 0.20075 0.561808 0.225103 0.562338 0.249453 0.567275 0.228025 0.571861 0.206595 0.576798 0.189059 0.580503 0.187112 0.585794 0.20075 0.58985 0.218283 0.595561 0.243913 0.595317 0.23192 0.592142 0.210491 0.587028 0.186141
0 0.618244 0.190034 0.609602 0.176397 0.604841 0.17932 0.59902 0.183217 0.595845 0.189059 0.591789 0.206595 0.58597 0.239712 0.587909 0.252375 0.590202 0.241659 0.592142 0.23192 0.596552 0.220233 0.599902 0.204645 0.604311 0.190034 0.610131 0.196853 0.613306 0.20562 0.617363 0.219258 0.623112 0.253659 0.624064 0.235817 0.621772 0.215359 0.618244 0.190034
0 0.636763 0.187112 0.628827 0.188088 0.625475 0.193933 0.620889 0.20562 0.617539 0.226075 0.618773 0.236791 0.620361 0.22705 0.624945 0.216334 0.630942 0.201725 0.636233 0.208542 0.640466 0.213413 0.645052 0.228025 0.647697 0.247505 0.646991 0.230945 0.64117 0.207567 0.636763 0.187112
0 0.663922 0.216334 0.667978 0.232895 0.671858 0.245558 0.673445 0.259195 0.674856 0.236791 0.670094 0.206595 0.662864 0.193933 0.65528 0.190034 0.651753 0.193933 0.647167 0.221205 0.64558 0.234842 0.644714 0.254878 0.649283 0.224128 0.653869 0.210491 0.659336 0.207567 0.663922 0.216334
0 0.68103 0.137434 0.677325 0.117955 0.671858 0.101395 0.666039 0.101395 0.66057 0.124772 0.652281 0.188088 0.654398 0.199775 0.657397 0.17445 0.662158 0.144255 0.664627 0.136462 0.6708 0.115033 0.674856 0.130617 0.678736 0.15302 0.683322 0.171528 0.688612 0.208542 0.687555 0.188088 0.685438 0.165683 0.68103 0.137434
0 0.691434 0.170553 0.694256 0.147175 0.698313 0.124772 0.704309 0.130617 0.707483 0.144255 0.711364 0.171528 0.716125 0.191983 0.716125 0.172503 0.712069 0.150097 0.710128 0.135488 0.70572 0.112109 0.702016 0.0984719 0.695491 0.110163 0.691964 0.127695 0.687555 0.140358 0.68385 0.189059 0.6802 0.219545 0.68385 0.213413 0.686848 0.196853 0.691434 0.170553
0 0.732058 0.12603 0.737525 0.142591 0.742286 0.164992 0.745638 0.192267 0.7474 0.206878 0.748987 0.229283 0.750575 0.213697 0.746872 0.181553 0.742639 0.1572 0.734703 0.119213 0.726767 0.110445 0.720594 0.125055 0.716538 0.150383 0.712305 0.177655 0.710187 0.206878 0.710838 0.2232 0.715303 0.182525 0.720947 0.155253 0.726591 0.133822 0.732058 0.12603
0 0.741052 0.177655 0.745814 0.149408 0.750575 0.128953 0.757453 0.13772 0.760098 0.146484 0.765214 0.169862 0.769445 0.196162 0.773327 0.225384 0.772092 0.187397 0.768388 0.165967 0.764331 0.139667 0.759923 0.123108 0.752339 0.118237 0.745638 0.132847 0.741228 0.153305 0.737702 0.180578 0.734202 0.213455 0.736995 0.210775 0.737702 0.199084 0.741052 0.177655
0 0.772444 0.144538 0.776148 0.138692 0.781792 0.13772 0.78673 0.16207 0.790081 0.184475 0.792902 0.206878 0.794842 0.219541 0.796783 0.239022 0.799252 0.222463 0.794489 0.197138 0.791669 0.167916 0.786906 0.140641 0.781616 0.124083 0.775442 0.117263 0.772797 0.121159 0.7668 0.132847 0.762216 0.168891 0.759041 0.197138 0.756748 0.217592 0.75763 0.237075 0.758228 0.229292 0.761509 0.207853 0.765214 0.186422 0.768564 0.154278 0.772444 0.144538
0 0.862369 0.1762 0.866425 0.150872 0.870658 0.139184 0.87542 0.14308 0.880358 0.162562 0.885472 0.185941 0.889177 0.216134 0.895173 0.25802 0.894644 0.229772 0.891998 0.204447 0.88847 0.183017 0.885648 0.160616 0.880358 0.129445 0.874891 0.130417 0.868542 0.127495 0.864661 0.146003 0.8599 0.166458 0.85602 0.194708 0.852345 0.229292 0.854433 0.224903 0.859019 0.19763 0.862369 0.1762
0 0.899228 0.140158 0.905931 0.157692 0.911575 0.182042 0.915102 0.213216 0.919511 0.238541 0.922861 0.265813 0.924802 0.239516 0.919864 0.2025 0.915278 0.177172 0.911752 0.1499 0.907342 0.127495 0.900816 0.11873 0.891998 0.1236 0.887412 0.157692 0.882475 0.183017 0.8793 0.219058 0.881064 0.249255 0.881219 0.23782 0.885648 0.196655 0.890234 0.168408 0.895525 0.152822 0.899228 0.140158
0 0.938558 0.1499 0.935383 0.137237 0.933091 0.127495 0.929388 0.111909 0.924448 0.115808 0.920922 0.1236 0.918277 0.138209 0.914748 0.160616 0.909811 0.183017 0.905225 0.211266 0.905931 0.240488 0.909811 0.217109 0.912809 0.191784 0.916689 0.16938 0.919687 0.15477 0.922509 0.14308 0.926566 0.135288 0.930798 0.139184 0.933972 0.14795 0.939616 0.172303 0.944906 0.206395 0.944906 0.184966 0.941909 0.166458 0.938558 0.1499
0 0.95108 0.12847 0.954255 0.127495 0.959369 0.146003 0.962014 0.155745 0.966775 0.17425 0.96942 0.199578 0.972595 0.213216 0.973478 0.199578 0.971009 0.182042 0.967305 0.152822 0.962367 0.12847 0.959369 0.113859 0.952491 0.104117 0.947023 0.110937 0.943144 0.130417 0.937677 0.151847 0.936089 0.1762 0.935 0.206142 0.938558 0.180095 0.943497 0.148925 0.947728 0.133341 0.95108 0.12847
0 0.950727 0.241462 0.947023 0.22685 0.942967 0.216134 0.939439 0.213216 0.934678 0.212241 0.928505 0.227825 0.924802 0.243409 0.919687 0.273605 0.920922 0.289192 0.923567 0.275555 0.926036 0.25997 0.930622 0.245358 0.935031 0.23172 0.942791 0.23367 0.948788 0.256072 0.954838 0.2829 0.955666 0.27458 0.954606 0.2551 0.950727 0.241462
0 0.894467 0.314517 0.887766 0.306725 0.884591 0.306725 0.877713 0.31062 0.870481 0.329128 0.867308 0.355428 0.866955 0.37978 0.869777 0.369066 0.873656 0.35348 0.880711 0.335947 0.884414 0.320362 0.889177 0.330103 0.894114 0.325233 0.897289 0.33205 0.901717 0.352345 0.902403 0.33887 0.899053 0.323284 0.894467 0.314517
0 0.909516 0.28383 0.914967 0.281778 0.918314 0.28862 0.922031 0.297517 0.926616 0.312572 0.929094 0.322837 0.929217 0.313942 0.925872 0.296147 0.920544 0.27767 0.917198 0.269458 0.912489 0.259192 0.907658 0.258508 0.90332 0.266034 0.896381 0.280408 0.892416 0.30573 0.889566 0.325575 0.888823 0.33858 0.893081 0.332295 0.898488 0.300255 0.902205 0.285883 0.907286 0.281778 0.909516 0.28383
0 0.969809 0.127763 0.965597 0.147608 0.961755 0.173616 0.957914 0.198934 0.959648 0.203728 0.961259 0.187303 0.964853 0.16677 0.968198 0.148292 0.97427 0.133238 0.977492 0.128445 0.98183 0.14008 0.987033 0.159928 0.989511 0.1743 0.991192 0.1872 0.990131 0.171563 0.986042 0.148292 0.984059 0.123655 0.979227 0.105178 0.973898 0.116813 0.969809 0.127763
0 0.975014 0.224942 0.969933 0.209884 0.964109 0.202358 0.957542 0.200305 0.955436 0.204409 0.950108 0.21673 0.944656 0.239997 0.944531 0.269425 0.946886 0.255738 0.950852 0.237945 0.956303 0.22768 0.96188 0.222205 0.966836 0.222205 0.970925 0.23247 0.974394 0.250947 0.978719 0.272378 0.978978 0.258475 0.977369 0.244105 0.975014 0.224942
0 0.991494 0.20578 0.996327 0.209203 0.999548 0.212622 0.999548 0.182509 0.991494 0.179772 0.990006 0.186617 0.983936 0.197567 0.980342 0.208517 0.977369 0.22768 0.975509 0.242053 0.974766 0.258475 0.975002 0.25868 0.98183 0.233841 0.984678 0.220834 0.9879 0.211255 0.991494 0.20578
