0 0.0124359 0.124005 0.00429219 0.122505 0.00157656 0.1375 0.00021875 0.164492 0.00673437 0.143497 0.0127078 0.147997 0.0173234 0.168991 0.0219391 0.195983 0.0251969 0.216975 0.0281625 0.210441 0.0251969 0.182484 0.0205813 0.167491 0.0175953 0.136 0.0124359 0.124005
0 0.0308984 0.150995 0.0355141 0.149495 0.0406734 0.155495 0.0447453 0.182484 0.050175 0.218475 0.0547906 0.225972 0.0528906 0.195983 0.0490891 0.170491 0.0450172 0.147997 0.0374141 0.122505 0.0298125 0.127003 0.0254688 0.143497 0.0197672 0.180987 0.0156094 0.225445 0.0219391 0.189983 0.0254688 0.165991 0.0308984 0.150995
0 0.0664656 0.149495 0.073525 0.159992 0.0803125 0.189983 0.0860141 0.23197 0.0922578 0.245467 0.0881859 0.207978 0.0841125 0.182484 0.0794969 0.149495 0.0743391 0.131503 0.0670094 0.128503 0.0615781 0.143497 0.0575063 0.167491 0.0537047 0.195983 0.0498797 0.229197 0.0553344 0.215475 0.0591359 0.170491 0.0664656 0.149495
0 0.0238406 0.245467 0.0311703 0.252966 0.0360578 0.279955 0.0412156 0.290453 0.0385 0.263459 0.0336141 0.23197 0.0241109 0.216975 0.0159656 0.222972 0.00836406 0.254462 0.0118937 0.260462 0.0159656 0.246966 0.0238406 0.245467
0 0.0371437 0.251466 0.0317125 0.269459 0.0292703 0.293453 0.0287266 0.305447 0.0347 0.278455 0.0404016 0.266459 0.0469172 0.257463 0.0561484 0.267959 0.0621219 0.287453 0.0658281 0.296717 0.0613078 0.269459 0.0558766 0.248466 0.0485469 0.240967 0.0371437 0.251466
0 0.0909016 0.195983 0.0938875 0.179487 0.0966031 0.159992 0.102575 0.152495 0.107462 0.155495 0.11262 0.180987 0.117236 0.209478 0.125381 0.264959 0.127283 0.249966 0.126195 0.237967 0.121581 0.207978 0.117508 0.179487 0.113706 0.150995 0.107462 0.133 0.0995891 0.131503 0.0933438 0.149495 0.0873719 0.176487 0.0857422 0.210978 0.0790609 0.251703 0.0827563 0.252966 0.0865563 0.222972 0.0909016 0.195983
0 0.114792 0.19748 0.119952 0.161492 0.127283 0.158492 0.134341 0.164492 0.138142 0.180987 0.1433 0.219975 0.149545 0.264959 0.147916 0.23647 0.14303 0.185484 0.136784 0.144997 0.129997 0.1345 0.122395 0.1345 0.116694 0.168991 0.111263 0.20348 0.103492 0.251703 0.107191 0.249966 0.109634 0.227472 0.114792 0.19748
0 0.185617 0.182847 0.190505 0.167853 0.198378 0.163355 0.204894 0.169353 0.208695 0.200842 0.214125 0.23833 0.218197 0.24283 0.216569 0.211341 0.209781 0.17235 0.203536 0.139363 0.195663 0.128866 0.188603 0.146859 0.183445 0.17385 0.179102 0.203842 0.175428 0.232947 0.178016 0.229333 0.181002 0.206841 0.185617 0.182847
0 0.204894 0.193345 0.208152 0.17235 0.217383 0.149858 0.224442 0.164853 0.2296 0.191845 0.235573 0.23983 0.241547 0.250328 0.236659 0.211341 0.2296 0.161855 0.223356 0.128866 0.211409 0.134862 0.202722 0.17985 0.198162 0.219817 0.197564 0.224834 0.20055 0.220337 0.204894 0.193345
0 0.242361 0.143859 0.248334 0.146859 0.255122 0.169353 0.260823 0.199342 0.264623 0.247328 0.265167 0.214337 0.260823 0.17535 0.255122 0.145359 0.24752 0.122867 0.239917 0.128866 0.234759 0.157355 0.230416 0.17985 0.22607 0.227834 0.231502 0.197842 0.236388 0.17385 0.242361 0.143859
0 0.264895 0.157355 0.270597 0.155855 0.27847 0.151358 0.283902 0.170853 0.287702 0.209841 0.293133 0.23983 0.293403 0.217338 0.289331 0.181347 0.282544 0.142359 0.27657 0.125866 0.267611 0.125866 0.263537 0.148358 0.26028 0.167853 0.255666 0.200842 0.251775 0.236697 0.257566 0.211341 0.261095 0.185847 0.264895 0.157355
0 0.233673 0.331303 0.240461 0.328303 0.24752 0.325305 0.246705 0.302809 0.241547 0.287816 0.230958 0.308809 0.223356 0.326803 0.215467 0.366116 0.220098 0.370291 0.225256 0.352295 0.233673 0.331303
0 0.25648 0.283317 0.263267 0.268322 0.271141 0.281817 0.275212 0.296813 0.281186 0.314808 0.284444 0.301309 0.27847 0.283317 0.273584 0.251828 0.263267 0.23983 0.256208 0.256325 0.250234 0.278817 0.244805 0.307309 0.236931 0.352295 0.246434 0.326803 0.25105 0.302809 0.25648 0.283317
0 0.271955 0.248828 0.265711 0.277317 0.262995 0.301309 0.267067 0.305809 0.271683 0.27132 0.277928 0.253325 0.287159 0.260822 0.292861 0.260822 0.297583 0.268583 0.293403 0.248828 0.287973 0.235333 0.279286 0.229333 0.271955 0.248828
0 0.284988 0.158855 0.290145 0.143859 0.297205 0.142359 0.302634 0.161855 0.309966 0.196342 0.314581 0.221834 0.313495 0.191845 0.308336 0.169353 0.304534 0.137862 0.298291 0.11537 0.292589 0.11087 0.287973 0.124366 0.283902 0.145359 0.2782 0.184347 0.275527 0.214192 0.27847 0.211341 0.28173 0.187347 0.284988 0.158855
0 0.302362 0.23983 0.30725 0.245828 0.313223 0.247328 0.318925 0.263822 0.322455 0.263822 0.319197 0.245828 0.314309 0.226334 0.306436 0.220337 0.298291 0.230833 0.293403 0.256325 0.288761 0.279838 0.291775 0.27582 0.295847 0.263822 0.302362 0.23983
0 0.314852 0.121367 0.308336 0.155855 0.303992 0.182847 0.301006 0.211341 0.302362 0.221834 0.30915 0.17535 0.313766 0.155855 0.321911 0.137862 0.325984 0.149858 0.331958 0.17235 0.336605 0.193559 0.331414 0.154358 0.326527 0.124366 0.321641 0.11387 0.314852 0.121367
0 0.327342 0.23983 0.331686 0.227834 0.33793 0.223334 0.344175 0.23683 0.349061 0.263822 0.347433 0.235333 0.344175 0.206841 0.33603 0.196342 0.32897 0.208341 0.323541 0.226334 0.319298 0.25358 0.316481 0.262322 0.323813 0.251828 0.327342 0.23983
0 0.33983 0.146859 0.335486 0.167853 0.3325 0.197842 0.335486 0.206841 0.340916 0.17385 0.345261 0.149858 0.350419 0.139363 0.35612 0.140859 0.360464 0.163355 0.363452 0.185847 0.365106 0.165428 0.358564 0.136362 0.35422 0.119867 0.347705 0.118367 0.33983 0.146859
0 0.358564 0.223334 0.363452 0.211341 0.369967 0.217338 0.374583 0.245828 0.38137 0.265322 0.380284 0.24433 0.377841 0.227834 0.372953 0.205341 0.364538 0.191845 0.358564 0.200842 0.352862 0.218838 0.34848 0.2442 0.35232 0.247328 0.355848 0.230833 0.358564 0.223334
0 0.389416 0.149455 0.394847 0.182445 0.396747 0.209434 0.400005 0.212434 0.398105 0.177945 0.391045 0.140458 0.385072 0.119462 0.377198 0.117966 0.371497 0.131459 0.365523 0.168947 0.363081 0.200437 0.365106 0.217942 0.369867 0.176445 0.375298 0.152453 0.381 0.137458 0.389416 0.149455
0 0.389959 0.215433 0.395933 0.212434 0.400819 0.218433 0.407334 0.246925 0.414666 0.26192 0.41195 0.233428 0.405162 0.206437 0.397561 0.179445 0.387788 0.194441 0.38127 0.212434 0.374608 0.261083 0.37937 0.245425 0.385344 0.22743 0.389959 0.215433
0 0.399191 0.147955 0.405162 0.137458 0.41195 0.141958 0.416295 0.171947 0.423083 0.189942 0.421453 0.15995 0.416295 0.131459 0.410322 0.108967 0.400005 0.117966 0.394303 0.144955 0.388859 0.18043 0.389688 0.191441 0.394575 0.174945 0.399191 0.147955
0 0.427969 0.197441 0.422267 0.185442 0.41358 0.183942 0.407878 0.204937 0.402991 0.22743 0.403534 0.249922 0.407878 0.23043 0.412222 0.212434 0.416838 0.206437 0.424441 0.219933 0.430256 0.247953 0.431498 0.242425 0.431498 0.221433 0.427969 0.197441
0 0.425797 0.119462 0.421725 0.137458 0.417923 0.16145 0.416295 0.183942 0.420911 0.16445 0.425797 0.146455 0.432042 0.134459 0.437472 0.144955 0.442359 0.16595 0.446205 0.167303 0.441002 0.140458 0.437472 0.119462 0.431228 0.111966 0.425797 0.119462
0 0.446159 0.197441 0.452677 0.210934 0.459736 0.23043 0.457292 0.213934 0.452677 0.192941 0.444531 0.185442 0.438558 0.189942 0.433128 0.210934 0.435028 0.218433 0.439644 0.203437 0.446159 0.197441
0 0.448603 0.143455 0.444259 0.176445 0.443173 0.206437 0.448331 0.171947 0.454577 0.144955 0.461636 0.135958 0.466252 0.155453 0.470595 0.179445 0.471953 0.153953 0.466523 0.125463 0.459464 0.116466 0.454305 0.119462 0.448603 0.143455
0 0.472495 0.171947 0.463536 0.186942 0.457562 0.213934 0.45892 0.233428 0.463808 0.221433 0.468152 0.204937 0.473039 0.194441 0.480912 0.212434 0.485905 0.232947 0.484442 0.213934 0.480369 0.186942 0.472495 0.171947
0 0.477111 0.120963 0.473581 0.141958 0.471953 0.152453 0.470595 0.179445 0.476569 0.158453 0.481184 0.138958 0.485528 0.131459 0.490686 0.147955 0.495302 0.174945 0.500189 0.156953 0.495573 0.123963 0.489328 0.105967 0.482541 0.104467 0.477111 0.120963
0 0.501819 0.194441 0.507791 0.206437 0.513492 0.23043 0.513492 0.207934 0.511592 0.186942 0.506705 0.168947 0.495302 0.173447 0.489872 0.194441 0.485566 0.217942 0.490416 0.219933 0.495573 0.206437 0.501819 0.194441
0 0.506705 0.122463 0.502361 0.149455 0.499103 0.174945 0.501003 0.192941 0.507791 0.149455 0.512678 0.129959 0.520823 0.149455 0.526283 0.157925 0.524623 0.128459 0.518923 0.107467 0.513222 0.107467 0.506705 0.122463
0 0.530055 0.194441 0.537114 0.22893 0.540642 0.219933 0.536027 0.197441 0.529511 0.171947 0.521094 0.176445 0.516208 0.192941 0.511353 0.212316 0.517837 0.207934 0.524081 0.194441 0.530055 0.194441
0 0.530597 0.122463 0.527339 0.146455 0.523537 0.16595 0.527611 0.16595 0.534398 0.135958 0.539556 0.122463 0.545802 0.140458 0.549331 0.171947 0.553769 0.165428 0.549331 0.134459 0.54363 0.110466 0.536027 0.10147 0.530597 0.122463
0 0.572923 0.113095 0.563964 0.0891031 0.556634 0.108595 0.552019 0.129588 0.547675 0.165578 0.548217 0.183572 0.550933 0.171575 0.554191 0.153583 0.556906 0.128091 0.562064 0.114592 0.566136 0.117592 0.570752 0.134087 0.574825 0.164078 0.578198 0.187933 0.579169 0.15958 0.577539 0.135587 0.572923 0.113095
0 0.548217 0.19407 0.554191 0.195567 0.55962 0.203066 0.566136 0.231558 0.566952 0.207566 0.561248 0.173075 0.552561 0.168578 0.544687 0.179072 0.536814 0.222559 0.540887 0.227058 0.54333 0.206066 0.548217 0.19407
0 0.581613 0.19107 0.58677 0.207566 0.592472 0.222559 0.592202 0.197067 0.5884 0.180572 0.581069 0.173075 0.574281 0.171575 0.568037 0.200067 0.56293 0.22357 0.568308 0.221059 0.574553 0.201567 0.581613 0.19107
0 0.591114 0.114592 0.596273 0.117592 0.600345 0.141584 0.604689 0.162578 0.609034 0.162578 0.605775 0.143084 0.601975 0.113095 0.597087 0.0846031 0.589758 0.0891031 0.583784 0.113095 0.579895 0.144795 0.582427 0.144584 0.58677 0.128091 0.591114 0.114592
0 0.606047 0.19407 0.609577 0.198567 0.61555 0.216562 0.620166 0.230058 0.61745 0.201567 0.609305 0.177575 0.603333 0.174575 0.598445 0.183572 0.593128 0.201063 0.596273 0.216562 0.600345 0.197067 0.606047 0.19407
0 0.610483 0.110095 0.607225 0.128091 0.603423 0.153583 0.600437 0.180572 0.606411 0.168578 0.612113 0.140084 0.617814 0.117592 0.623244 0.123591 0.62623 0.143084 0.631931 0.179072 0.63215 0.148545 0.628311 0.123591 0.623423 0.105595 0.618266 0.0951 0.610483 0.110095
0 0.628402 0.212062 0.637362 0.218062 0.64062 0.237555 0.645506 0.248053 0.644692 0.224059 0.638991 0.19257 0.627587 0.19257 0.621886 0.213563 0.616845 0.234822 0.6208 0.237555 0.623786 0.218062 0.628402 0.212062
0 0.635733 0.120592 0.633017 0.150583 0.628131 0.176075 0.635733 0.15808 0.640077 0.132587 0.64605 0.123591 0.65338 0.141584 0.654737 0.164078 0.65892 0.167303 0.654737 0.134087 0.648222 0.107095 0.642248 0.0980969 0.635733 0.120592
0 0.644964 0.240555 0.643064 0.266047 0.651752 0.236055 0.659353 0.213563 0.667227 0.222559 0.671842 0.249553 0.676458 0.242055 0.66967 0.215062 0.660439 0.195567 0.652566 0.200067 0.644964 0.240555
0 0.666413 0.105595 0.661525 0.135587 0.658811 0.164078 0.656909 0.19407 0.661797 0.173075 0.666413 0.141584 0.670756 0.128091 0.67483 0.132587 0.680259 0.147583 0.683517 0.173075 0.686503 0.19257 0.689119 0.182308 0.683245 0.150583 0.678087 0.117592 0.672658 0.102597 0.666413 0.105595
0 0.693291 0.131087 0.689491 0.16108 0.687317 0.183572 0.687047 0.19407 0.693019 0.16108 0.697364 0.138584 0.702522 0.132587 0.707952 0.15808 0.712567 0.18657 0.716605 0.174805 0.710125 0.146083 0.704966 0.120592 0.698722 0.114592 0.693291 0.131087
0 0.722614 0.167078 0.726686 0.146083 0.731844 0.137088 0.738361 0.16108 0.743247 0.197067 0.748678 0.221059 0.748134 0.19407 0.743519 0.165578 0.738089 0.137088 0.731844 0.114592 0.7275 0.119092 0.72207 0.147583 0.716913 0.176075 0.712194 0.221695 0.716097 0.207566 0.718813 0.19107 0.722614 0.167078
0 0.753564 0.110095 0.748678 0.134087 0.741347 0.182072 0.735373 0.227058 0.735917 0.260047 0.740805 0.212062 0.747048 0.173075 0.752208 0.144584 0.757637 0.135587 0.765511 0.173075 0.771213 0.209066 0.777003 0.221695 0.770397 0.179072 0.766325 0.144584 0.759537 0.119092 0.753564 0.110095
0 0.770397 0.162578 0.775284 0.132587 0.780172 0.144584 0.78533 0.15658 0.790761 0.195567 0.796462 0.240555 0.801892 0.248053 0.797277 0.201567 0.793475 0.164078 0.785873 0.132587 0.779628 0.111595 0.77447 0.119092 0.770669 0.137088 0.765239 0.171575 0.759266 0.207566 0.756644 0.246078 0.762523 0.216562 0.766597 0.18957 0.770397 0.162578
0 0.796397 0.164792 0.801556 0.136303 0.806986 0.136303 0.812145 0.160295 0.818389 0.196283 0.824634 0.23977 0.825992 0.226275 0.822191 0.191784 0.818119 0.151297 0.809973 0.116808 0.799927 0.122805 0.794497 0.148297 0.789067 0.191784 0.783827 0.231072 0.789609 0.215778 0.792325 0.187284 0.796397 0.164792
0 0.846355 0.121308 0.838752 0.124305 0.833866 0.152797 0.82952 0.178287 0.82762 0.212778 0.831964 0.191784 0.839295 0.154295 0.845811 0.1423 0.851784 0.155795 0.857486 0.188784 0.863459 0.229272 0.867978 0.219817 0.862644 0.184287 0.859116 0.157295 0.853956 0.128805 0.846355 0.121308
0 0.871875 0.107809 0.866717 0.125805 0.861558 0.158795 0.855856 0.20378 0.850427 0.248767 0.856942 0.229272 0.862644 0.179787 0.868345 0.146797 0.876491 0.137803 0.885994 0.172291 0.894681 0.226275 0.899873 0.231072 0.893323 0.187284 0.886266 0.1423 0.879477 0.109309 0.871875 0.107809
0 0.894139 0.157295 0.900655 0.130303 0.906356 0.151297 0.913686 0.188784 0.919931 0.244267 0.925905 0.23527 0.918845 0.184287 0.91233 0.1408 0.906628 0.110809 0.895497 0.112309 0.890066 0.152797 0.88355 0.193284 0.879853 0.22732 0.884908 0.224775 0.88898 0.188784 0.894139 0.157295
0 0.920203 0.113808 0.913416 0.1438 0.909614 0.184287 0.903913 0.221775 0.906084 0.244267 0.913144 0.184287 0.919659 0.151297 0.927262 0.127305 0.933506 0.154295 0.940022 0.187284 0.944366 0.217278 0.946359 0.199188 0.93758 0.152797 0.933506 0.122805 0.926719 0.109309 0.920203 0.113808
0 0.945995 0.146797 0.949797 0.125805 0.955498 0.136303 0.962558 0.170791 0.970159 0.200783 0.970702 0.185787 0.963914 0.154295 0.958484 0.118308 0.951969 0.100312 0.946538 0.112309 0.93948 0.1453 0.934592 0.175291 0.932448 0.216067 0.937036 0.20378 0.941652 0.176791 0.945995 0.146797
0 0.976133 0.137803 0.981563 0.1408 0.988892 0.176791 0.996495 0.217278 0.995952 0.190284 0.990794 0.152797 0.983463 0.119808 0.974775 0.104813 0.968259 0.125805 0.963372 0.152797 0.961291 0.191684 0.966358 0.175291 0.972059 0.149797 0.976133 0.137803
0 0.948981 0.227772 0.944366 0.271259 0.948167 0.265263 0.954683 0.23677 0.963372 0.218775 0.970431 0.227772 0.975861 0.247267 0.983006 0.25358 0.973145 0.212778 0.963644 0.199283 0.953327 0.202283 0.948981 0.227772
0 0.94138 0.23977 0.950339 0.262263 0.957398 0.283255 0.953597 0.248767 0.945181 0.220275 0.935136 0.221775 0.926719 0.245767 0.92193 0.270459 0.926177 0.269759 0.93052 0.248767 0.94138 0.23977
