0 0.49758 0.0522125 0.481825 0.0268953 0.46682 0.0242297 0.459317 0.0402203 0.448814 0.0615406 0.450316 0.0761969 0.460067 0.0602078 0.469822 0.0508797 0.484077 0.0602078 0.49683 0.0761969 0.508205 0.103667 0.508834 0.106845 0.504331 0.0695344 0.49758 0.0522125
0 0.825439 0.0602078 0.838942 0.0775297 0.855448 0.112175 0.853948 0.0895219 0.841944 0.0575422 0.829191 0.0402203 0.817936 0.0375547 0.807431 0.0535453 0.79768 0.0722 0.790436 0.102 0.802181 0.085525 0.813434 0.0655375 0.825439 0.0602078
0 0.748825 0.0568125 0.754886 0.0660406 0.765275 0.0921781 0.780856 0.110628 0.773931 0.0844906 0.763542 0.055275 0.748825 0.0352875 0.735841 0.042975 0.723722 0.0645 0.714053 0.0907703 0.723722 0.0844906 0.734109 0.0645 0.748825 0.0568125
0 0.993811 0.0522 0.998139 0.03375 0.982556 0.0399 0.973036 0.0506625 0.961809 0.0773078 0.969572 0.0706531 0.976498 0.0598875 0.993811 0.0522
0 0.269245 0.0522 0.277902 0.049125 0.277036 0.0291375 0.260588 0.0414375 0.251066 0.0598875 0.2391 0.0926922 0.249334 0.0860281 0.257125 0.0660406 0.269245 0.0522
0 0.593006 0.055275 0.606856 0.0691156 0.623303 0.109091 0.632825 0.107553 0.622439 0.0752656 0.609453 0.0383625 0.591275 0.0322125 0.573094 0.0537375 0.561506 0.0888453 0.571364 0.0844906 0.58002 0.0660406 0.593006 0.055275
0 0.0138719 0.0691156 0.0225281 0.0937156 0.0303187 0.109091 0.0398422 0.0967906 0.0190656 0.0522 0.00175313 0.0383625 2.1875e-05 0.0598875 0.0138719 0.0691156
0 0.0614844 0.187503 0.0770656 0.199803 0.0952453 0.233628 0.10823 0.278216 0.12208 0.273603 0.10823 0.235166 0.0874547 0.190578 0.0666781 0.169053 0.0476328 0.169053 0.0311859 0.187503 0.0190656 0.210566 0.00649062 0.24077 0.0294547 0.213641 0.0433047 0.192116 0.0614844 0.187503
0 0.12208 0.221328 0.106498 0.255153 0.103036 0.276678 0.126409 0.249003 0.14805 0.221328 0.169692 0.221328 0.182678 0.233628 0.200856 0.262841 0.214217 0.263845 0.193066 0.227478 0.174886 0.196728 0.146319 0.192116 0.12208 0.221328
0 0.377453 0.0537375 0.388708 0.0768031 0.401692 0.0783406 0.394767 0.055275 0.386109 0.030675 0.363603 0.0352875 0.35408 0.05835 0.344044 0.085 0.355811 0.0768031 0.368795 0.05835 0.377453 0.0537375
0 0.651006 0.198266 0.623303 0.190578 0.59387 0.219791 0.565303 0.265916 0.577423 0.275141 0.588677 0.250541 0.606856 0.230553 0.625036 0.216716 0.645811 0.224403 0.664856 0.253616 0.683761 0.273462 0.684767 0.249003 0.665722 0.222866 0.651006 0.198266
0 0.676109 0.176741 0.662259 0.216716 0.650139 0.249003 0.678706 0.204416 0.695155 0.184428 0.7142 0.185966 0.734109 0.210566 0.747094 0.236703 0.762739 0.248462 0.744498 0.190578 0.726319 0.173666 0.703811 0.162903 0.676109 0.176741
0 0.806825 0.169053 0.789513 0.158291 0.765275 0.161366 0.740169 0.195191 0.72805 0.232091 0.742767 0.235166 0.749692 0.212103 0.76008 0.193653 0.774795 0.182891 0.791244 0.176741 0.806825 0.195191 0.82008 0.21577 0.8302 0.210566 0.820677 0.185966 0.806825 0.169053
0 0.8579 0.152141 0.834528 0.145991 0.818945 0.170591 0.796438 0.204416 0.805961 0.224403 0.815483 0.204416 0.827602 0.189041 0.843184 0.176741 0.863094 0.182891 0.87608 0.209028 0.895813 0.22923 0.8882 0.190578 0.878677 0.170591 0.8579 0.152141
0 0.933214 0.162903 0.957453 0.173666 0.972169 0.201341 0.993811 0.236703 0.988617 0.207491 0.974767 0.169053 0.942736 0.136766 0.914169 0.153678 0.895991 0.190578 0.883912 0.223462 0.899453 0.209028 0.909841 0.184428 0.933214 0.162903
0 0.20605 0.0475875 0.21038 0.0660406 0.226827 0.0875656 0.223364 0.0598875 0.212109 0.030675 0.194797 0.030675 0.182678 0.04605 0.172022 0.0773078 0.18008 0.0798781 0.191334 0.0629656 0.20605 0.0475875
0 0.675245 0.0383625 0.661394 0.0475875 0.6562 0.0706531 0.659663 0.0844906 0.669184 0.0660406 0.677841 0.05835 0.68823 0.0675781 0.699989 0.0907703 0.701214 0.0675781 0.689961 0.0445125 0.675245 0.0383625
0 0.12208 0.0399 0.10823 0.0522 0.0909172 0.0814156 0.0978422 0.0921781 0.115155 0.0660406 0.123811 0.0568125 0.135066 0.0675781 0.146056 0.0965375 0.143723 0.0645 0.135931 0.042975 0.12208 0.0399
0 0.898586 0.0383625 0.884737 0.0414375 0.873483 0.0568125 0.865692 0.0875656 0.869155 0.101403 0.878677 0.0706531 0.8882 0.0598875 0.899453 0.061425 0.912438 0.0844906 0.920697 0.10423 0.921094 0.0860281 0.912438 0.061425 0.898586 0.0383625
