0 0.00135937 0.0621469 0.0126125 0.0648125 0.0223672 0.0848 0.0298687 0.103455 0.0393812 0.100333 0.0261188 0.0621469 0.0156141 0.0408281 0.00361094 0.0421594 0.00135937 0.0621469
0 0.143908 0.232708 0.164164 0.232708 0.190422 0.246033 0.202427 0.275347 0.224934 0.331313 0.242191 0.333978 0.227184 0.296667 0.209178 0.251363 0.193423 0.216717 0.158439 0.190447 0.133334 0.207359 0.110827 0.241184 0.101266 0.273667 0.108645 0.279345 0.12515 0.252695 0.143908 0.232708
0 0.127402 0.0621469 0.139405 0.0821344 0.158912 0.119445 0.158163 0.098125 0.147658 0.0701422 0.139405 0.0488219 0.128152 0.0394953 0.112397 0.0461578 0.100392 0.0701422 0.0900141 0.103667 0.105644 0.0874656 0.117648 0.0728078 0.127402 0.0621469
0 0.49758 0.0522125 0.481825 0.0268953 0.46682 0.0242297 0.459317 0.0402203 0.448814 0.0615406 0.450316 0.0761969 0.460067 0.0602078 0.469822 0.0508797 0.484077 0.0602078 0.49683 0.0761969 0.508205 0.103667 0.508834 0.106845 0.504331 0.0695344 0.49758 0.0522125
0 0.505083 0.0482156 0.49758 0.0682031 0.490828 0.0908547 0.49908 0.0908547 0.508083 0.0682031 0.519338 0.0575422 0.530591 0.0642047 0.542795 0.0906406 0.565303 0.119853 0.544845 0.0535453 0.532092 0.0282281 0.517087 0.0255625 0.505083 0.0482156
0 0.825439 0.0602078 0.838942 0.0775297 0.855448 0.112175 0.853948 0.0895219 0.841944 0.0575422 0.829191 0.0402203 0.817936 0.0375547 0.807431 0.0535453 0.79768 0.0722 0.790436 0.102 0.802181 0.085525 0.813434 0.0655375 0.825439 0.0602078
0 0.877955 0.0508797 0.867453 0.0828594 0.858448 0.110842 0.865952 0.106845 0.873455 0.085525 0.889931 0.0768031 0.895963 0.0602078 0.910217 0.0815281 0.931083 0.107 0.92802 0.0737281 0.921094 0.0445125 0.899453 0.0399 0.877955 0.0508797
0 0.517692 0.241316 0.477006 0.261303 0.476573 0.277408 0.479602 0.284366 0.512498 0.267453 0.544528 0.299741 0.559852 0.334705 0.574106 0.365353 0.585359 0.365353 0.579155 0.327416 0.5576 0.290733 0.547125 0.268991 0.517692 0.241316
0 0.786427 0.180133 0.806683 0.189459 0.825439 0.218775 0.846445 0.241428 0.842694 0.214778 0.821688 0.176134 0.800681 0.153483 0.77067 0.156147 0.751164 0.182797 0.736991 0.205333 0.749664 0.209447 0.768419 0.181466 0.786427 0.180133
0 0.941727 0.164142 0.956731 0.176134 0.972169 0.212103 0.991992 0.225438 0.987492 0.196122 0.968736 0.15215 0.941005 0.127541 0.908975 0.145991 0.891661 0.175203 0.891702 0.207 0.910217 0.189459 0.92297 0.170805 0.941727 0.164142
0 0.273572 0.036825 0.261453 0.03375 0.251066 0.042975 0.236348 0.0783406 0.242409 0.0921781 0.251931 0.0645 0.266647 0.0568125 0.278767 0.0721906 0.287784 0.0965375 0.289155 0.0721906 0.285692 0.0537375 0.273572 0.036825
0 0.26405 0.247466 0.23808 0.227478 0.208647 0.239778 0.185275 0.270528 0.195663 0.285903 0.213841 0.261303 0.226827 0.252078 0.2502 0.262841 0.270109 0.281291 0.287423 0.316653 0.311586 0.356155 0.301275 0.316653 0.28223 0.276678 0.26405 0.247466
0 0.602528 0.0537375 0.612916 0.0645 0.621572 0.0829531 0.631961 0.0967906 0.625902 0.0660406 0.616378 0.0414375 0.601662 0.024525 0.58608 0.0414375 0.573961 0.0706531 0.564752 0.0965375 0.583483 0.0829531 0.593006 0.061425 0.602528 0.0537375
0 0.647542 0.213641 0.662259 0.233628 0.681303 0.268991 0.69602 0.282828 0.692556 0.244391 0.668319 0.210566 0.643214 0.187503 0.613781 0.189041 0.592139 0.216716 0.573094 0.255153 0.564439 0.279753 0.578816 0.286922 0.589542 0.265916 0.604259 0.232091 0.628498 0.212103 0.647542 0.213641
0 0.747961 0.187503 0.739303 0.167516 0.723722 0.158291 0.690825 0.159828 0.677841 0.190578 0.663125 0.230553 0.670916 0.241316 0.676109 0.215178 0.685631 0.196728 0.70208 0.181353 0.723722 0.187503 0.738438 0.196728 0.751423 0.225941 0.762677 0.232091 0.757483 0.202878 0.747961 0.187503
0 0.693423 0.061425 0.704677 0.0814156 0.706408 0.0568125 0.691692 0.0276 0.671781 0.0414375 0.661041 0.0619219 0.666587 0.0752656 0.682169 0.0568125 0.693423 0.061425
0 0.748825 0.0568125 0.754886 0.0660406 0.765275 0.0921781 0.780856 0.110628 0.773931 0.0844906 0.763542 0.055275 0.748825 0.0352875 0.735841 0.042975 0.723722 0.0645 0.714053 0.0907703 0.723722 0.0844906 0.734109 0.0645 0.748825 0.0568125
0 0.86223 0.142916 0.837991 0.142916 0.815483 0.162903 0.811155 0.193653 0.821542 0.176741 0.833662 0.164441 0.854438 0.159828 0.869155 0.172128 0.876945 0.199803 0.898586 0.229016 0.892528 0.193653 0.880408 0.167516 0.86223 0.142916
0 0.993811 0.0522 0.998139 0.03375 0.982556 0.0399 0.973036 0.0506625 0.961809 0.0773078 0.969572 0.0706531 0.976498 0.0598875 0.993811 0.0522
0 0.212977 0.0475875 0.197394 0.0445125 0.181811 0.0675781 0.168827 0.106016 0.169692 0.119853 0.178348 0.0952531 0.187872 0.0752656 0.200856 0.061425 0.212109 0.0706531 0.222498 0.0875656 0.229362 0.111922 0.232886 0.0921781 0.225961 0.0675781 0.212977 0.0475875
0 0.0857234 0.170591 0.0588859 0.155216 0.0363797 0.170591 0.0199313 0.193653 0.00694687 0.221328 0.00781094 0.244391 0.0207969 0.224403 0.0303187 0.204416 0.0502313 0.176741 0.0614844 0.170591 0.0770656 0.189041 0.09005 0.207491 0.104944 0.244616 0.104767 0.224403 0.0978422 0.196728 0.0857234 0.170591
