0 0.274439 0.0629656 0.284827 0.0844906 0.292617 0.0814156 0.286558 0.0629656 0.277036 0.0383625 0.261453 0.0322125 0.247603 0.055275 0.236936 0.085 0.247603 0.0706531 0.26405 0.055275 0.274439 0.0629656
0 0.494319 0.0660406 0.506439 0.0921781 0.509902 0.0783406 0.503841 0.0598875 0.489125 0.036825 0.469544 0.0369219 0.473542 0.055275 0.484795 0.055275 0.494319 0.0660406
0 0.53587 0.0660406 0.544528 0.0860281 0.556647 0.0937156 0.548856 0.0629656 0.537602 0.0383625 0.522886 0.03375 0.506439 0.04605 0.492587 0.0921781 0.506439 0.0752656 0.520289 0.0506625 0.53587 0.0660406
0 0.640617 0.207491 0.662259 0.222866 0.678706 0.244391 0.693423 0.255153 0.683036 0.227478 0.665722 0.202878 0.645811 0.187503 0.616378 0.193653 0.601662 0.224403 0.586389 0.256155 0.603394 0.245928 0.619841 0.219791 0.640617 0.207491
0 0.756617 0.055275 0.766139 0.0783406 0.775662 0.101403 0.782586 0.0860281 0.775662 0.0598875 0.760945 0.03375 0.741036 0.03375 0.727184 0.0660406 0.7173 0.0946156 0.731514 0.0783406 0.743631 0.05835 0.756617 0.055275
0 0.805094 0.181353 0.81808 0.204416 0.8302 0.209028 0.825006 0.185966 0.81202 0.161366 0.792109 0.145991 0.763542 0.159828 0.754886 0.184428 0.743266 0.20423 0.766139 0.179816 0.78605 0.173666 0.805094 0.181353
0 0.834528 0.0645 0.849244 0.102941 0.857036 0.102941 0.844916 0.0675781 0.833662 0.0383625 0.816348 0.0399 0.802498 0.0645 0.79195 0.11 0.808556 0.0737281 0.824139 0.0598875 0.834528 0.0645
0 0.911572 0.0721906 0.927155 0.101403 0.934945 0.0921781 0.918498 0.061425 0.908109 0.03375 0.885602 0.0445125 0.867683 0.102308 0.884737 0.0675781 0.899453 0.055275 0.911572 0.0721906
0 0.997273 0.05835 0.998594 0.0399 0.987752 0.03375 0.972169 0.049125 0.962891 0.0792297 0.972169 0.0706531 0.985155 0.0506625 0.997273 0.05835
0 0.908109 0.176741 0.922825 0.162903 0.943602 0.167516 0.961781 0.187503 0.977362 0.218253 0.989483 0.219791 0.976498 0.178278 0.956586 0.153678 0.943602 0.132153 0.913303 0.141378 0.901184 0.164441 0.888239 0.188845 0.8882 0.193653 0.898586 0.192116 0.908109 0.176741
0 2.1875e-05 0.049125 0 0.0660406 0.0121406 0.0629656 0.0225281 0.0783406 0.0411125 0.102308 0.0294547 0.0737281 0.0182 0.0475875 0.00607969 0.0414375 2.1875e-05 0.049125
0 0.0536922 0.175203 0.0727375 0.184428 0.0926484 0.216716 0.107364 0.261303 0.118617 0.255153 0.103036 0.216716 0.0909172 0.179816 0.0736031 0.159828 0.0476328 0.159828 0.0329172 0.176741 0.0156031 0.213641 0.0021625 0.24077 0.0182 0.233628 0.0363797 0.199803 0.0536922 0.175203
0 0.608587 0.0675781 0.625036 0.0967906 0.632825 0.106016 0.628498 0.0814156 0.618109 0.0537375 0.603394 0.0291375 0.582617 0.0383625 0.569078 0.0753844 0.582617 0.0660406 0.597333 0.055275 0.608587 0.0675781
0 0.733244 0.193653 0.744498 0.225941 0.763542 0.233628 0.749692 0.202878 0.738438 0.173666 0.711602 0.156753 0.687362 0.158291 0.676187 0.192692 0.69602 0.178278 0.713333 0.176741 0.733244 0.193653
0 0.853572 0.161366 0.873483 0.182891 0.889931 0.221328 0.903781 0.218253 0.890795 0.192116 0.87608 0.152141 0.848378 0.132153 0.825006 0.149066 0.81202 0.178278 0.798442 0.21577 0.821542 0.184428 0.835394 0.161366 0.853572 0.161366
0 0.558378 0.295128 0.535006 0.262841 0.504708 0.245928 0.480469 0.262841 0.477006 0.281291 0.489991 0.275141 0.517692 0.279753 0.538469 0.301278 0.55405 0.324341 0.573406 0.367692 0.58002 0.359703 0.574827 0.325878 0.558378 0.295128
0 0.569633 0.253616 0.593006 0.270528 0.623303 0.335103 0.631094 0.332028 0.623303 0.296666 0.600795 0.255153 0.567902 0.218253 0.53587 0.233628 0.516066 0.263845 0.529811 0.256691 0.547991 0.249003 0.569633 0.253616
0 0.26405 0.275141 0.283961 0.298203 0.275303 0.265916 0.257125 0.236703 0.216439 0.239778 0.199992 0.264378 0.21817 0.256691 0.239811 0.256691 0.26405 0.275141
0 0.279633 0.276678 0.297811 0.275141 0.301275 0.252078 0.283095 0.249003 0.262319 0.265916 0.245006 0.285903 0.228558 0.319728 0.209889 0.36577 0.237216 0.325878 0.251066 0.301278 0.279633 0.276678
0 0.120348 0.0721906 0.135931 0.0798781 0.14805 0.113703 0.158439 0.115241 0.154977 0.0829531 0.141992 0.0506625 0.118617 0.0475875 0.0961109 0.0737281 0.0843875 0.106155 0.0926484 0.118316 0.103036 0.0906406 0.120348 0.0721906
0 0.212977 0.036825 0.187872 0.0522 0.172289 0.0937156 0.162767 0.132153 0.172289 0.116778 0.183542 0.0844906 0.199125 0.0645 0.213841 0.0737281 0.231527 0.11577 0.236348 0.0983281 0.225095 0.0706531 0.212977 0.036825
0 0.691692 0.0629656 0.703811 0.0967906 0.709006 0.0706531 0.697752 0.0383625 0.676977 0.024525 0.662259 0.0568125 0.65187 0.0860281 0.664856 0.0737281 0.678706 0.0537375 0.691692 0.0629656
0 0.163633 0.219791 0.183542 0.235166 0.198261 0.259766 0.199992 0.232091 0.168827 0.198266 0.140261 0.219791 0.120348 0.244391 0.106498 0.273603 0.12208 0.259766 0.141125 0.236703 0.163633 0.219791
