0 0.00135937 0.0621469 0.0126125 0.0648125 0.0223672 0.0848 0.0298687 0.103455 0.0393812 0.100333 0.0261188 0.0621469 0.0156141 0.0408281 0.00361094 0.0421594 0.00135937 0.0621469
0 0.049375 0.16475 0.0201172 0.192733 0.0096125 0.231375 0.00135937 0.267353 0.0231172 0.232708 0.0433734 0.199395 0.0733844 0.190067 0.0921406 0.216717 0.111647 0.256692 0.130333 0.277 0.110895 0.231375 0.0936406 0.190067 0.0733844 0.171412 0.049375 0.16475
0 0.143908 0.232708 0.164164 0.232708 0.190422 0.246033 0.202427 0.275347 0.224934 0.331313 0.242191 0.333978 0.227184 0.296667 0.209178 0.251363 0.193423 0.216717 0.167164 0.202059 0.139405 0.208722 0.12065 0.231375 0.101266 0.273667 0.108645 0.279345 0.12515 0.252695 0.143908 0.232708
0 0.218933 0.258025 0.228684 0.246033 0.245191 0.247366 0.266948 0.267353 0.284953 0.300666 0.294708 0.312658 0.290956 0.280678 0.280453 0.251363 0.254194 0.224713 0.222683 0.227378 0.21143 0.2447 0.192673 0.267353 0.178153 0.297 0.188172 0.30333 0.197175 0.283342 0.218933 0.258025
0 0.127402 0.0621469 0.139405 0.0821344 0.158912 0.119445 0.158163 0.098125 0.147658 0.0701422 0.139405 0.0488219 0.128152 0.0394953 0.112397 0.0461578 0.100392 0.0701422 0.0900141 0.103667 0.105644 0.0874656 0.117648 0.0728078 0.127402 0.0621469
0 0.218933 0.0528203 0.209928 0.0354969 0.195673 0.0408281 0.18292 0.0634797 0.172416 0.0967922 0.170166 0.115447 0.179169 0.0994578 0.192673 0.0688094 0.204678 0.0621469 0.215181 0.0794703 0.226434 0.0967922 0.237225 0.120333 0.236187 0.0994578 0.232436 0.0808031 0.218933 0.0528203
0 0.271448 0.0554844 0.281952 0.05815 0.288705 0.0754719 0.305211 0.100791 0.299208 0.0768047 0.286455 0.0461578 0.2722 0.0315 0.260945 0.0434922 0.250444 0.0608156 0.240975 0.0986672 0.251192 0.0941281 0.260195 0.071475 0.271448 0.0554844
0 0.49758 0.0522125 0.481825 0.0268953 0.46682 0.0242297 0.459317 0.0402203 0.448814 0.0615406 0.450316 0.0761969 0.460067 0.0602078 0.469822 0.0508797 0.484077 0.0602078 0.49683 0.0761969 0.508205 0.103667 0.508834 0.106845 0.504331 0.0695344 0.49758 0.0522125
0 0.505083 0.0482156 0.49758 0.0682031 0.490828 0.0908547 0.49908 0.0908547 0.508083 0.0682031 0.519338 0.0575422 0.530591 0.0642047 0.544095 0.0815281 0.555087 0.0803328 0.544845 0.0535453 0.532092 0.0282281 0.517087 0.0255625 0.505083 0.0482156
0 0.592111 0.0548781 0.604116 0.0628719 0.61837 0.0841922 0.625872 0.0975172 0.61987 0.0615406 0.607866 0.0415531 0.595862 0.032225 0.583858 0.0428844 0.576356 0.0642047 0.565402 0.0886672 0.574106 0.0828594 0.584609 0.0682031 0.592111 0.0548781
0 0.668637 0.0668703 0.680641 0.0548781 0.691894 0.0668703 0.699397 0.0841922 0.7084 0.105513 0.7084 0.0841922 0.697895 0.0575422 0.687392 0.0375547 0.674639 0.032225 0.664134 0.0495469 0.656633 0.0708672 0.646977 0.097 0.64988 0.100183 0.660384 0.0841922 0.668637 0.0668703
0 0.747413 0.058875 0.757916 0.0722 0.76992 0.106845 0.781923 0.109509 0.772922 0.0815281 0.763167 0.0535453 0.748912 0.0362219 0.738409 0.0388875 0.726405 0.0602078 0.714486 0.0903328 0.723405 0.0895219 0.736159 0.0695344 0.747413 0.058875
0 0.825439 0.0602078 0.838942 0.0775297 0.855448 0.112175 0.853948 0.0895219 0.841944 0.0575422 0.829191 0.0402203 0.817936 0.0375547 0.807431 0.0535453 0.79768 0.0722 0.790436 0.102 0.802181 0.085525 0.813434 0.0655375 0.825439 0.0602078
0 0.877955 0.0508797 0.867453 0.0828594 0.858448 0.110842 0.865952 0.106845 0.873455 0.085525 0.885458 0.0668703 0.895963 0.0602078 0.910217 0.0815281 0.931083 0.107 0.917719 0.0735328 0.907966 0.0508797 0.893711 0.0375547 0.877955 0.0508797
0 0.993494 0.0522125 0.996495 0.032225 0.985992 0.0268953 0.967986 0.0522125 0.955461 0.0903328 0.969486 0.0775297 0.979989 0.0548781 0.993494 0.0522125
0 0.520088 0.260084 0.492328 0.264083 0.476573 0.277408 0.475073 0.298728 0.507333 0.288067 0.538092 0.300059 0.559852 0.334705 0.574106 0.365353 0.585359 0.365353 0.568853 0.328042 0.5576 0.290733 0.538844 0.273409 0.520088 0.260084
0 0.55835 0.225438 0.529841 0.245425 0.505833 0.274742 0.492328 0.313384 0.481075 0.350695 0.503583 0.322713 0.520838 0.288067 0.542595 0.256087 0.577856 0.250755 0.602614 0.28407 0.625122 0.32138 0.640412 0.330333 0.623622 0.290733 0.608617 0.274742 0.591361 0.248091 0.55835 0.225438
0 0.631123 0.189459 0.609367 0.196122 0.590611 0.218775 0.577856 0.246758 0.595862 0.242759 0.61612 0.222772 0.636375 0.214778 0.656633 0.236097 0.676889 0.264083 0.695734 0.277 0.680641 0.248091 0.667886 0.220108 0.64838 0.198788 0.631123 0.189459
0 0.693395 0.188128 0.718903 0.18413 0.734658 0.208116 0.756416 0.244092 0.767669 0.260084 0.759416 0.230767 0.744412 0.204117 0.730158 0.176134 0.706148 0.162809 0.682141 0.177467 0.671637 0.20012 0.661041 0.235333 0.669388 0.224105 0.679891 0.198788 0.693395 0.188128
0 0.786427 0.180133 0.806683 0.189459 0.825439 0.218775 0.846445 0.241428 0.842694 0.214778 0.821688 0.176134 0.800681 0.153483 0.77067 0.156147 0.751164 0.182797 0.736991 0.205333 0.749664 0.209447 0.768419 0.181466 0.786427 0.180133
0 0.846445 0.168141 0.871205 0.188128 0.890711 0.220108 0.905714 0.228103 0.892961 0.196122 0.878706 0.162809 0.850197 0.140158 0.829939 0.153483 0.819503 0.172 0.814184 0.201453 0.833691 0.1788 0.846445 0.168141
0 0.941727 0.164142 0.956731 0.176134 0.975488 0.20012 0.991992 0.225438 0.987492 0.196122 0.968736 0.15215 0.943228 0.129497 0.915469 0.150817 0.901214 0.185463 0.891702 0.207 0.910217 0.189459 0.92297 0.170805 0.941727 0.164142
