0 0.00135937 0.0621469 0.0126125 0.0648125 0.0223672 0.0848 0.0298687 0.103455 0.0393812 0.100333 0.0261188 0.0621469 0.0156141 0.0408281 0.00361094 0.0421594 0.00135937 0.0621469
0 0.0201172 0.192733 0.0096125 0.231375 0.00135937 0.267353 0.0231172 0.232708 0.0433734 0.199395 0.0733844 0.190067 0.0921406 0.216717 0.111647 0.256692 0.130333 0.277 0.118617 0.216584 0.101305 0.179684 0.0623484 0.147397 0.0201172 0.192733
0 0.143908 0.232708 0.164164 0.232708 0.190422 0.246033 0.202427 0.275347 0.224934 0.331313 0.242191 0.333978 0.227184 0.296667 0.209178 0.251363 0.193423 0.216717 0.158439 0.190447 0.133334 0.207359 0.110827 0.241184 0.101266 0.273667 0.108645 0.279345 0.12515 0.252695 0.143908 0.232708
0 0.127402 0.0621469 0.139405 0.0821344 0.158912 0.119445 0.158163 0.098125 0.147658 0.0701422 0.139405 0.0488219 0.128152 0.0394953 0.112397 0.0461578 0.100392 0.0701422 0.0900141 0.103667 0.105644 0.0874656 0.117648 0.0728078 0.127402 0.0621469
0 0.49758 0.0522125 0.481825 0.0268953 0.46682 0.0242297 0.459317 0.0402203 0.448814 0.0615406 0.450316 0.0761969 0.460067 0.0602078 0.469822 0.0508797 0.484077 0.0602078 0.49683 0.0761969 0.508205 0.103667 0.508834 0.106845 0.504331 0.0695344 0.49758 0.0522125
0 0.505083 0.0482156 0.49758 0.0682031 0.490828 0.0908547 0.49908 0.0908547 0.508083 0.0682031 0.519338 0.0575422 0.530591 0.0642047 0.544095 0.0815281 0.555087 0.0803328 0.544845 0.0535453 0.532092 0.0282281 0.517087 0.0255625 0.505083 0.0482156
0 0.825439 0.0602078 0.838942 0.0775297 0.855448 0.112175 0.853948 0.0895219 0.841944 0.0575422 0.829191 0.0402203 0.817936 0.0375547 0.807431 0.0535453 0.79768 0.0722 0.790436 0.102 0.802181 0.085525 0.813434 0.0655375 0.825439 0.0602078
0 0.877955 0.0508797 0.867453 0.0828594 0.858448 0.110842 0.865952 0.106845 0.873455 0.085525 0.889931 0.0768031 0.895963 0.0602078 0.910217 0.0815281 0.931083 0.107 0.92802 0.0737281 0.921094 0.0445125 0.899453 0.0399 0.877955 0.0508797
0 0.993494 0.0522125 0.996495 0.032225 0.985992 0.0268953 0.967986 0.0522125 0.955461 0.0903328 0.969486 0.0775297 0.979989 0.0548781 0.993494 0.0522125
0 0.520088 0.260084 0.492328 0.264083 0.476573 0.277408 0.475073 0.298728 0.507333 0.288067 0.538092 0.300059 0.559852 0.334705 0.574106 0.365353 0.585359 0.365353 0.568853 0.328042 0.5576 0.290733 0.538844 0.273409 0.520088 0.260084
0 0.55835 0.225438 0.529841 0.245425 0.505833 0.274742 0.492328 0.313384 0.481075 0.350695 0.503583 0.322713 0.520838 0.288067 0.546259 0.273472 0.575692 0.268859 0.601662 0.301147 0.625122 0.32138 0.640412 0.330333 0.623622 0.290733 0.608617 0.274742 0.591361 0.248091 0.55835 0.225438
0 0.631123 0.189459 0.616378 0.201341 0.604259 0.221328 0.597333 0.245928 0.607722 0.259766 0.622439 0.235166 0.641483 0.229016 0.656633 0.236097 0.681303 0.267453 0.695734 0.277 0.700348 0.250541 0.679572 0.215178 0.6562 0.192116 0.631123 0.189459
0 0.786427 0.180133 0.806683 0.189459 0.825439 0.218775 0.846445 0.241428 0.842694 0.214778 0.821688 0.176134 0.800681 0.153483 0.77067 0.156147 0.751164 0.182797 0.736991 0.205333 0.749664 0.209447 0.768419 0.181466 0.786427 0.180133
0 0.846445 0.168141 0.871205 0.188128 0.890711 0.220108 0.905714 0.228103 0.892961 0.196122 0.878706 0.162809 0.850197 0.140158 0.829939 0.153483 0.819503 0.172 0.814184 0.201453 0.833691 0.1788 0.846445 0.168141
0 0.941727 0.164142 0.956731 0.176134 0.972169 0.212103 0.991992 0.225438 0.987492 0.196122 0.968736 0.15215 0.941005 0.127541 0.908975 0.145991 0.891661 0.175203 0.891702 0.207 0.910217 0.189459 0.92297 0.170805 0.941727 0.164142
0 0.734975 0.161366 0.718528 0.150603 0.696886 0.161366 0.683036 0.182891 0.685631 0.205953 0.697752 0.193653 0.715064 0.175203 0.728916 0.182891 0.743631 0.190578 0.753003 0.211922 0.754886 0.196728 0.747961 0.176741 0.734975 0.161366
0 0.203455 0.268991 0.221633 0.259766 0.245872 0.265916 0.261453 0.282828 0.274439 0.292053 0.268378 0.262841 0.257125 0.245928 0.215572 0.232091 0.1922 0.265916 0.173155 0.292053 0.16012 0.321537 0.174022 0.319728 0.187006 0.299741 0.203455 0.268991
0 0.247603 0.313578 0.263184 0.288978 0.301275 0.278216 0.302141 0.258228 0.279633 0.261303 0.26405 0.267453 0.246737 0.290516 0.226827 0.324341 0.209889 0.35423 0.225095 0.356628 0.237216 0.342791 0.247603 0.313578
0 0.273572 0.036825 0.261453 0.03375 0.251066 0.042975 0.236348 0.0783406 0.242409 0.0921781 0.251931 0.0645 0.266647 0.0568125 0.278767 0.0721906 0.287784 0.0965375 0.289155 0.0721906 0.285692 0.0537375 0.273572 0.036825
0 0.204319 0.03375 0.1922 0.0568125 0.178348 0.0829531 0.181811 0.102941 0.191334 0.0875656 0.199125 0.0675781 0.207781 0.0537375 0.217303 0.0645 0.229362 0.0907703 0.229423 0.061425 0.219036 0.0414375 0.204319 0.03375
0 0.615514 0.05835 0.629362 0.0844906 0.642348 0.126003 0.643214 0.0967906 0.629362 0.0629656 0.611184 0.0291375 0.595602 0.036825 0.585214 0.0721906 0.572325 0.11 0.587811 0.0906406 0.600795 0.061425 0.615514 0.05835
0 0.701214 0.0737281 0.718528 0.0844906 0.706408 0.049125 0.698617 0.036825 0.684767 0.036825 0.669697 0.0580781 0.668319 0.0844906 0.690825 0.0568125 0.701214 0.0737281
0 0.733244 0.055275 0.721991 0.0875656 0.738438 0.0691156 0.750556 0.0537375 0.764408 0.0706531 0.784377 0.0869219 0.776528 0.0522 0.765275 0.0352875 0.743631 0.0352875 0.733244 0.055275
