0 0.0441703 0.0983281 0.0346484 0.0706531 0.0190656 0.0475875 0.00175313 0.0445125 0.00607969 0.0598875 0.0182 0.0706531 0.0303187 0.0967906 0.0454406 0.131155 0.0467672 0.136766 0.0485 0.115241 0.0441703 0.0983281
0 0.0658109 0.185966 0.0787969 0.193653 0.0935141 0.210566 0.10217 0.241316 0.115155 0.235166 0.109961 0.219791 0.0961109 0.181353 0.0848562 0.167516 0.0536922 0.161366 0.0372453 0.179816 0.0216625 0.205953 0.0119016 0.233078 0.0277234 0.213641 0.0424391 0.196728 0.0658109 0.185966
0 0.110827 0.0691156 0.122947 0.055275 0.136797 0.0645 0.146319 0.0906406 0.155842 0.0921781 0.14805 0.0660406 0.140261 0.0414375 0.119484 0.0322125 0.106498 0.0598875 0.0908797 0.0946156 0.0917813 0.104478 0.101305 0.0906406 0.110827 0.0691156
0 0.200856 0.250541 0.198261 0.229016 0.179216 0.205953 0.153245 0.199803 0.137662 0.204416 0.119008 0.227308 0.151514 0.227478 0.180947 0.238241 0.200856 0.250541
0 0.217303 0.0629656 0.226827 0.0860281 0.235484 0.0768031 0.227692 0.04605 0.214708 0.030675 0.194797 0.0445125 0.180678 0.085 0.1922 0.0768031 0.205186 0.05835 0.217303 0.0629656
0 0.274439 0.0629656 0.284827 0.0844906 0.292617 0.0814156 0.286558 0.0629656 0.277036 0.0383625 0.261453 0.0322125 0.247603 0.055275 0.236936 0.085 0.247603 0.0706531 0.26405 0.055275 0.274439 0.0629656
0 0.494319 0.0660406 0.506439 0.0921781 0.509902 0.0783406 0.503841 0.0598875 0.489125 0.036825 0.469544 0.0369219 0.473542 0.055275 0.484795 0.055275 0.494319 0.0660406
0 0.53587 0.0660406 0.544528 0.0860281 0.556647 0.0937156 0.548856 0.0629656 0.5402 0.03375 0.522886 0.03375 0.511633 0.0568125 0.498755 0.0888453 0.516827 0.0675781 0.528945 0.0522 0.53587 0.0660406
0 0.570498 0.356628 0.581752 0.350478 0.564439 0.318191 0.544528 0.279753 0.520289 0.259766 0.496592 0.261922 0.528945 0.293591 0.551453 0.313578 0.570498 0.356628
0 0.547991 0.258228 0.570498 0.268991 0.591275 0.281291 0.607722 0.302816 0.615514 0.290516 0.596469 0.247466 0.569633 0.236703 0.541931 0.238241 0.520394 0.263845 0.517692 0.292053 0.531542 0.273603 0.547991 0.258228
0 0.640617 0.207491 0.662259 0.222866 0.678706 0.244391 0.693423 0.255153 0.683036 0.227478 0.665722 0.202878 0.645811 0.187503 0.616378 0.193653 0.601662 0.224403 0.586389 0.256155 0.603394 0.245928 0.619841 0.219791 0.640617 0.207491
0 0.605991 0.0522 0.618109 0.0660406 0.631094 0.0860281 0.641483 0.102941 0.632825 0.0706531 0.622439 0.042975 0.605125 0.0276 0.593006 0.04605 0.579898 0.0773078 0.584348 0.0814156 0.59387 0.0691156 0.605991 0.0522
0 0.697752 0.061425 0.70987 0.0783406 0.718528 0.0829531 0.70987 0.0537375 0.694289 0.030675 0.682169 0.0322125 0.67005 0.0568125 0.662122 0.0869219 0.676977 0.0675781 0.690825 0.049125 0.697752 0.061425
0 0.7142 0.178278 0.730647 0.178278 0.744498 0.195191 0.753155 0.216716 0.76008 0.207491 0.752289 0.184428 0.740169 0.161366 0.720259 0.153678 0.691692 0.167516 0.684767 0.189041 0.680514 0.21577 0.682169 0.215178 0.69602 0.187503 0.7142 0.178278
0 0.756617 0.055275 0.766139 0.0783406 0.775662 0.101403 0.782586 0.0860281 0.775662 0.0598875 0.760945 0.03375 0.741036 0.03375 0.727184 0.0660406 0.7173 0.0946156 0.731514 0.0783406 0.743631 0.05835 0.756617 0.055275
0 0.805094 0.181353 0.81808 0.204416 0.8302 0.209028 0.825006 0.185966 0.81202 0.161366 0.792109 0.145991 0.763542 0.159828 0.754886 0.184428 0.743266 0.20423 0.766139 0.179816 0.78605 0.173666 0.805094 0.181353
0 0.834528 0.0645 0.849244 0.102941 0.857036 0.102941 0.844916 0.0675781 0.833662 0.0383625 0.816348 0.0399 0.802498 0.0645 0.79195 0.11 0.808556 0.0737281 0.824139 0.0598875 0.834528 0.0645
0 0.866556 0.175203 0.882139 0.201341 0.895991 0.215178 0.889064 0.189041 0.873483 0.159828 0.850109 0.144453 0.824408 0.16577 0.825006 0.190578 0.844916 0.165978 0.866556 0.175203
0 0.911572 0.0721906 0.927155 0.101403 0.934945 0.0921781 0.918498 0.061425 0.908109 0.03375 0.885602 0.0445125 0.867683 0.102308 0.884737 0.0675781 0.899453 0.055275 0.911572 0.0721906
0 0.997273 0.05835 0.998594 0.0399 0.987752 0.03375 0.972169 0.049125 0.962891 0.0792297 0.972169 0.0706531 0.985155 0.0506625 0.997273 0.05835
0 0.908109 0.176741 0.922825 0.162903 0.943602 0.167516 0.961781 0.187503 0.977362 0.218253 0.989483 0.219791 0.976498 0.178278 0.956586 0.153678 0.943602 0.132153 0.913303 0.141378 0.901184 0.164441 0.888239 0.188845 0.8882 0.193653 0.898586 0.192116 0.908109 0.176741
