0 0.49758 0.0522125 0.481825 0.0268953 0.46682 0.0242297 0.459317 0.0402203 0.448814 0.0615406 0.450316 0.0761969 0.460067 0.0602078 0.469822 0.0508797 0.484077 0.0602078 0.49683 0.0761969 0.508205 0.103667 0.508834 0.106845 0.504331 0.0695344 0.49758 0.0522125
0 0.505083 0.0482156 0.49758 0.0682031 0.490828 0.0908547 0.49908 0.0908547 0.508083 0.0682031 0.519338 0.0575422 0.530591 0.0642047 0.542795 0.0906406 0.565303 0.119853 0.544845 0.0535453 0.532092 0.0282281 0.517087 0.0255625 0.505083 0.0482156
0 0.825439 0.0602078 0.838942 0.0775297 0.855448 0.112175 0.853948 0.0895219 0.841944 0.0575422 0.829191 0.0402203 0.817936 0.0375547 0.807431 0.0535453 0.79768 0.0722 0.790436 0.102 0.802181 0.085525 0.813434 0.0655375 0.825439 0.0602078
0 0.786427 0.180133 0.806683 0.189459 0.825439 0.218775 0.846445 0.241428 0.842694 0.214778 0.821688 0.176134 0.800681 0.153483 0.77067 0.156147 0.751164 0.182797 0.736991 0.205333 0.749664 0.209447 0.768419 0.181466 0.786427 0.180133
0 0.941727 0.164142 0.956731 0.176134 0.972169 0.212103 0.991992 0.225438 0.987492 0.196122 0.968736 0.15215 0.941005 0.127541 0.908975 0.145991 0.891661 0.175203 0.891702 0.207 0.910217 0.189459 0.92297 0.170805 0.941727 0.164142
0 0.748825 0.0568125 0.754886 0.0660406 0.765275 0.0921781 0.780856 0.110628 0.773931 0.0844906 0.763542 0.055275 0.748825 0.0352875 0.735841 0.042975 0.723722 0.0645 0.714053 0.0907703 0.723722 0.0844906 0.734109 0.0645 0.748825 0.0568125
0 0.993811 0.0522 0.998139 0.03375 0.982556 0.0399 0.973036 0.0506625 0.961809 0.0773078 0.969572 0.0706531 0.976498 0.0598875 0.993811 0.0522
0 0.0857234 0.175203 0.0684094 0.167516 0.0476328 0.165978 0.0303187 0.189041 0.00867813 0.218253 0.011275 0.236703 0.0225281 0.224403 0.0407078 0.195191 0.0554234 0.182891 0.0779312 0.193653 0.0961109 0.236703 0.110355 0.271537 0.109095 0.247466 0.0961109 0.207491 0.0857234 0.175203
0 0.159303 0.221328 0.175753 0.236703 0.197394 0.261303 0.194797 0.232091 0.185275 0.218253 0.165364 0.205953 0.142856 0.209028 0.126409 0.222866 0.108191 0.252308 0.128141 0.242853 0.139394 0.225941 0.159303 0.221328
0 0.246737 0.230553 0.222498 0.225941 0.205186 0.244391 0.174886 0.288978 0.178348 0.310503 0.199125 0.276678 0.216439 0.250541 0.235484 0.245928 0.264916 0.264378 0.276966 0.281155 0.27617 0.252078 0.262319 0.233628 0.246737 0.230553
0 0.00175313 0.0598875 0.0173344 0.0768031 0.0277234 0.0983281 0.0400313 0.0965375 0.0259922 0.0675781 0.0130063 0.0445125 0.000885937 0.042975 0.00175313 0.0598875
0 0.127275 0.0675781 0.141125 0.0844906 0.149781 0.102941 0.146319 0.0691156 0.135066 0.0537375 0.121216 0.04605 0.10823 0.0537375 0.0962891 0.0869219 0.105633 0.0768031 0.116022 0.0629656 0.127275 0.0675781
0 0.214708 0.0537375 0.200856 0.0399 0.185275 0.0522 0.174886 0.0737281 0.171423 0.0937156 0.18008 0.0875656 0.189603 0.0721906 0.200856 0.055275 0.212109 0.0706531 0.230444 0.106155 0.231155 0.101403 0.225961 0.0721906 0.214708 0.0537375
0 0.269245 0.0522 0.277902 0.049125 0.277036 0.0291375 0.260588 0.0414375 0.251066 0.0598875 0.2391 0.0926922 0.249334 0.0860281 0.257125 0.0660406 0.269245 0.0522
0 0.589542 0.249003 0.57223 0.235166 0.543663 0.235166 0.538469 0.249003 0.545394 0.261303 0.565303 0.256691 0.578289 0.259766 0.593006 0.279753 0.604259 0.293591 0.625337 0.338845 0.620708 0.305891 0.606856 0.276678 0.589542 0.249003
0 0.7142 0.150603 0.687362 0.162903 0.67005 0.187503 0.6562 0.244391 0.664856 0.247466 0.676977 0.212103 0.690825 0.189041 0.707275 0.182891 0.724587 0.196728 0.749756 0.231155 0.744498 0.198266 0.730647 0.173666 0.7142 0.150603
0 0.593006 0.055275 0.606856 0.0691156 0.623303 0.109091 0.632825 0.107553 0.622439 0.0752656 0.609453 0.0383625 0.591275 0.0322125 0.573094 0.0537375 0.561506 0.0888453 0.571364 0.0844906 0.58002 0.0660406 0.593006 0.055275
0 0.680439 0.0522 0.691692 0.0721906 0.700348 0.0983281 0.701214 0.0675781 0.690825 0.0445125 0.676109 0.0260625 0.663125 0.04605 0.654469 0.0675781 0.642648 0.0984625 0.658795 0.0768031 0.671781 0.0629656 0.680439 0.0522
0 0.894259 0.0629656 0.908109 0.0783406 0.926289 0.115241 0.925423 0.0937156 0.914169 0.0660406 0.895991 0.042975 0.882139 0.049125 0.872617 0.0721906 0.859028 0.102308 0.873483 0.0875656 0.883006 0.0675781 0.894259 0.0629656
0 0.873483 0.161366 0.848378 0.145991 0.831931 0.159828 0.816348 0.179816 0.805961 0.216716 0.819811 0.201341 0.837123 0.172128 0.848378 0.165978 0.863961 0.175203 0.879542 0.205953 0.897978 0.242692 0.899453 0.232091 0.887333 0.196728 0.873483 0.161366
0 0.6562 0.202878 0.63023 0.195191 0.617245 0.195191 0.5982 0.215178 0.587811 0.242853 0.577423 0.282828 0.58608 0.275141 0.5982 0.236703 0.616378 0.221328 0.638886 0.218253 0.657931 0.242853 0.683036 0.282828 0.683036 0.259766 0.671781 0.229016 0.6562 0.202878
0 0.20605 0.159828 0.219036 0.178278 0.219902 0.158291 0.206917 0.136766 0.195663 0.126003 0.185275 0.149066 0.172022 0.175384 0.180947 0.175203 0.193931 0.156753 0.20605 0.159828
