0 0.42233 0.654904 0.423776 0.00419872 0.41292 0.00419872 0.406407 0.970263 0.420157 0.972484 0.42233 0.654904
0 0.397721 0.00641667 0.387154 0.00333333 0.376731 0.985811 0.394827 0.996913 0.397721 0.00641667
0 0.449109 0.417272 0.436907 0.414446 0.43608 0.883651 0.44766 0.896974 0.449109 0.417272
0 0.121237 0.00641667 0.108548 0.00333333 0.107484 0.99025 0.121237 0.992471 0.121237 0.00641667
0 0.771917 0.0752628 0.762551 0.07 0.758888 0.99025 0.771917 0.996913 0.771917 0.0752628
0 0.751651 0.0885897 0.736317 0.0811122 0.73283 0.994692 0.747308 0.998612 0.751651 0.0885897
0 0.945622 0.0686026 0.93442 0.0644455 0.933317 0.981369 0.945622 0.988032 0.945622 0.0686026
0 0.919567 0.0686026 0.905471 0.07 0.90509 0.998612 0.91667 0.988032 0.919567 0.0686026
0 0.795077 0.0797051 0.784942 0.0708237 0.787115 0.99025 0.797971 0.994692 0.795077 0.0797051
0 0.622817 0.843676 0.636817 0.853333 0.640186 0.266256 0.626436 0.266256 0.622817 0.843676
0 0.312314 0.0219647 0.299413 0.0172212 0.299285 0.985811 0.315208 0.994692 0.312314 0.0219647
0 0.289878 0.0197436 0.277702 0.0144455 0.275401 0.998612 0.292048 0.998612 0.289878 0.0197436
0 0.266718 0.010859 0.24966 0.0116667 0.247173 0.994692 0.269612 0.998612 0.266718 0.010859
0 0.24066 0.0241859 0.225462 0.0153013 0.218224 0.992471 0.239212 0.996913 0.24066 0.0241859
0 0.0959038 0.0153013 0.075984 0.00888782 0.0734679 0.996913 0.0966282 0.998612 0.0959038 0.0153013
0 0.897128 0.077484 0.881955 0.0727788 0.882654 0.998612 0.894958 0.996913 0.897128 0.077484
