0 0.313038 0.010859 0.303936 0.00611218 0.299285 0.988032 0.313038 0.994692 0.313038 0.010859
0 0.265994 0.0130801 0.24966 0.0144455 0.248622 0.979147 0.266718 0.998612 0.265994 0.0130801
0 0.289878 0.717087 0.278606 0.711667 0.277574 0.99025 0.288429 0.994692 0.289878 0.717087
0 0.367321 0.612708 0.356401 0.603333 0.349952 0.996913 0.361532 0.998612 0.367321 0.612708
0 0.34199 0.0219647 0.32474 0.0116667 0.323894 0.99025 0.338372 0.99025 0.34199 0.0219647
0 0.826199 0.777051 0.837779 0.745958 0.838503 0.477237 0.840673 0.184083 0.832202 0.0672212 0.832712 0.201853 0.830542 0.401728 0.826923 0.637138 0.826199 0.777051
0 0.823304 0.495003 0.832712 0.477237 0.829093 0.357311 0.829093 0.0619391 0.819538 0.07 0.826923 0.14633 0.82258 0.284022 0.823304 0.495003
0 0.901471 0.0530545 0.882654 0.0597179 0.881205 0.996913 0.890615 0.998612 0.901471 0.0530545
0 0.920292 0.0663814 0.908186 0.0672212 0.906538 0.998612 0.918119 0.998612 0.920292 0.0663814
0 0.952138 0.0641603 0.933513 0.0672212 0.933317 0.99025 0.944897 0.99025 0.952138 0.0641603
0 0.972404 0.0730417 0.960651 0.07 0.963718 0.985811 0.976022 0.996913 0.972404 0.0730417
0 0.796522 0.0708237 0.78426 0.0616667 0.783497 0.998612 0.798696 0.996913 0.796522 0.0708237
0 0.775535 0.0597179 0.759837 0.0616667 0.758163 0.992471 0.771917 0.996913 0.775535 0.0597179
0 0.750926 0.0641603 0.737224 0.0533333 0.73066 0.998612 0.748032 0.998612 0.750926 0.0641603
0 0.732106 0.0641603 0.711119 0.0641603 0.705327 0.998612 0.719804 0.998612 0.732106 0.0641603
0 0.235593 0.00197756 0.223429 0.00333333 0.222567 0.998612 0.23849 0.998612 0.235593 0.00197756
0 0.214606 0.00863782 0.200814 0.00333333 0.200128 0.998612 0.212433 0.998612 0.214606 0.00863782
0 0.145846 0.00641667 0.133875 0.0172212 0.131369 0.994692 0.142228 0.996913 0.145846 0.00641667
0 0.12558 0.0153013 0.105833 0.0144455 0.105314 0.998612 0.121962 0.998612 0.12558 0.0153013
0 0.0959038 0.0175224 0.0756378 0.0130801 0.0749135 0.998612 0.0944583 0.998612 0.0959038 0.0175224
0 0.0655064 0.010859 0.0434199 0.00888782 0.044516 0.998612 0.0604391 0.998612 0.0655064 0.010859
0 0.0278686 0.0175224 0.0144744 0.0116667 0.0119455 0.988032 0.0329359 0.985811 0.0278686 0.0175224
