0 0.120513 0.0153013 0.112551 0.0175224 0.105314 0.985811 0.119064 0.994692 0.120513 0.0153013
0 0.239936 0.010859 0.226141 0.0116667 0.21967 0.99025 0.234872 0.998612 0.239936 0.010859
0 0.266718 0.00863782 0.255994 0.00611218 0.247173 0.996913 0.263096 0.998612 0.266718 0.00863782
0 0.287705 0.0130801 0.276798 0.0116667 0.274679 0.998612 0.290603 0.998612 0.287705 0.0130801
0 0.69809 0.0841474 0.683853 0.095 0.679994 0.981369 0.690853 0.988032 0.69809 0.0841474
0 0.724869 0.0463942 0.711894 0.0477788 0.708946 0.988032 0.718356 0.99025 0.724869 0.0463942
0 0.750926 0.0508333 0.735413 0.0588878 0.734279 0.99025 0.745859 0.994692 0.750926 0.0508333
0 0.870349 0.0619391 0.853006 0.0616667 0.855151 0.992471 0.863837 0.994692 0.870349 0.0619391
0 0.897128 0.0752628 0.880144 0.0783333 0.878311 0.988032 0.892064 0.992471 0.897128 0.0752628
0 0.163215 0.679333 0.167558 0.0153013 0.161013 0.0172212 0.153083 0.945833 0.158872 0.956939 0.163215 0.679333
0 0.179862 0.119679 0.170965 0.117221 0.162494 0.941394 0.169731 0.943615 0.179862 0.119679
0 0.0930096 0.0175224 0.0796026 0.0116667 0.0763622 0.998612 0.0930096 0.996913 0.0930096 0.0175224
0 0.0597147 0.00641667 0.0434199 0.0144455 0.0459647 0.99025 0.0626122 0.998612 0.0597147 0.00641667
0 0.0285929 0.0153013 0.0135673 0.0172212 0.0141186 0.988032 0.0314872 0.99025 0.0285929 0.0153013
0 0.776981 0.0597179 0.76074 0.0588878 0.755269 0.988032 0.767574 0.996913 0.776981 0.0597179
0 0.145846 0.010859 0.133875 0.00888782 0.129923 0.99025 0.140054 0.998612 0.145846 0.010859
