0 0.478785 0.0508333 0.464045 0.0477788 0.462862 0.988032 0.478061 0.996913 0.478785 0.0508333
0 0.452003 0.00197756 0.437811 0.00333333 0.43391 0.992471 0.451279 0.992471 0.452003 0.00197756
0 0.425949 0 0.409769 0.00888782 0.407128 0.998612 0.42233 0.998612 0.425949 0
0 0.398446 0.00419872 0.38625 0.00611218 0.373837 0.998612 0.397721 0.998612 0.398446 0.00419872
0 0.287705 0.0219647 0.275894 0.0144455 0.276849 0.988032 0.288429 0.998612 0.287705 0.0219647
0 0.313038 0.0175224 0.302907 0.0130801 0.296391 0.988032 0.315208 0.998612 0.313038 0.0175224
0 0.53524 0.430599 0.521032 0.431112 0.517144 0.994692 0.530897 0.998612 0.53524 0.430599
0 0.553333 0.470574 0.545455 0.467221 0.544647 0.998612 0.557676 0.998612 0.553333 0.470574
0 0.58301 0.481676 0.571686 0.486667 0.573599 0.988032 0.584455 0.998612 0.58301 0.481676
0 0.612683 0.521654 0.597016 0.514446 0.600378 0.998612 0.611958 0.998612 0.612683 0.521654
0 0.751651 0.0597179 0.739936 0.0505545 0.732106 0.998612 0.747308 0.998612 0.751651 0.0597179
0 0.774811 0.188526 0.761058 0.179644 0.757439 0.994692 0.771917 0.994692 0.774811 0.188526
0 0.371663 0.0153013 0.35459 0.0116667 0.349228 0.996913 0.365151 0.994692 0.371663 0.0153013
