0 0.441147 0.00641667 0.432385 0.00333333 0.428843 0.417272 0.441872 0.417272 0.441147 0.00641667
0 0.428119 0.0908109 0.421529 0.0922212 0.415814 0.423936 0.427394 0.421715 0.428119 0.0908109
0 0.417263 0.0841474 0.407054 0.0838878 0.404234 0.428378 0.414369 0.439481 0.417263 0.0841474
0 0.404958 0.0752628 0.393487 0.0894455 0.390484 0.446144 0.399891 0.443923 0.404958 0.0752628
0 0.391205 0.0797051 0.377205 0.0838878 0.376731 0.443923 0.389035 0.443923 0.391205 0.0797051
0 0.45924 0.00197756 0.445952 0.00333333 0.446939 0.430599 0.454901 0.432821 0.45924 0.00197756
0 0.468651 0.00641667 0.459519 0.00888782 0.454176 0.435042 0.465032 0.435042 0.468651 0.00641667
0 0.486022 0.0175224 0.473994 0.02 0.475167 0.421715 0.483849 0.417272 0.486022 0.0175224
0 0.497603 0.0508333 0.484849 0.0477788 0.486747 0.435042 0.496878 0.43726 0.497603 0.0508333
0 0.538135 0.0508333 0.526458 0.0533333 0.52583 0.963603 0.53741 0.963603 0.538135 0.0508333
0 0.550439 0.0486154 0.541837 0.0561122 0.541029 0.974705 0.548266 0.974705 0.550439 0.0486154
0 0.562019 0.130785 0.553596 0.133888 0.554782 0.985811 0.566362 0.99025 0.562019 0.130785
0 0.579391 0.126343 0.568067 0.131112 0.566362 0.992471 0.575048 0.994692 0.579391 0.126343
0 0.592417 0.366196 0.582542 0.37 0.585179 0.996913 0.593141 0.992471 0.592417 0.366196
0 0.61992 0.697099 0.609679 0.692221 0.609064 0.994692 0.61992 0.992471 0.61992 0.697099
0 0.648872 0.11524 0.633673 0.124122 0.632949 0.415051 0.644529 0.421715 0.648872 0.11524
0 0.633673 0.130785 0.620535 0.142221 0.620644 0.981369 0.633673 0.99025 0.633673 0.130785
