0 0.523657 0.00197756 0.502939 0.00333333 0.504115 0.994692 0.520038 0.998612 0.523657 0.00197756
0 0.54899 0.00863782 0.530981 0.00611218 0.533067 0.998612 0.548266 0.998612 0.54899 0.00863782
0 0.575048 0.0153013 0.551785 0.0144455 0.556228 0.998612 0.574324 0.998612 0.575048 0.0153013
0 0.685061 0.0330673 0.665763 0.0255545 0.663349 0.998612 0.679272 0.998612 0.685061 0.0330673
0 0.714737 0.0308462 0.692901 0.0311122 0.693747 0.996913 0.7075 0.996913 0.714737 0.0308462
0 0.656109 0.0308462 0.633673 0.0241859 0.637292 0.998612 0.655388 0.998612 0.656109 0.0308462
0 0.602551 0.00419872 0.582542 0.00888782 0.584455 0.998612 0.603997 0.998612 0.602551 0.00419872
0 0.496154 0.00863782 0.474897 0.00333333 0.475167 0.996913 0.492535 0.992471 0.496154 0.00863782
0 0.9145 0.0397308 0.893715 0.045 0.89351 0.996913 0.907987 0.99025 0.9145 0.0397308
0 0.886272 0.0574968 0.864766 0.0533333 0.868179 0.998612 0.882654 0.998612 0.886272 0.0574968
0 0.738622 0.0597179 0.72275 0.0672212 0.722699 0.998612 0.735003 0.998612 0.738622 0.0597179
0 0.765401 0.0597179 0.750792 0.0644455 0.746583 0.996913 0.761058 0.998612 0.765401 0.0597179
0 0.783497 0.0686026 0.770692 0.07 0.771917 0.996913 0.785667 0.998612 0.783497 0.0686026
0 0.93766 0.0530545 0.919042 0.0588878 0.918119 0.998612 0.934766 0.998612 0.93766 0.0530545
0 0.945272 0.07 0.965163 0.998612 0.960821 0.0686026 0.945272 0.07
0 0.468651 0.00419872 0.449109 0.00863782 0.448385 0.477237 0.466481 0.470574 0.468651 0.00419872
0 0.465032 0.748179 0.451378 0.747779 0.446939 0.998612 0.462862 0.996913 0.465032 0.748179
0 0.440423 0.010859 0.423337 0.00888782 0.418712 0.421715 0.437529 0.412833 0.440423 0.010859
0 0.415093 0.00641667 0.39801 0.00888782 0.393378 0.495003 0.412196 0.48834 0.415093 0.00641667
0 0.389035 0.0130801 0.366349 0.0116667 0.370942 0.48834 0.38976 0.483897 0.389035 0.0130801
0 0.359359 0.0219647 0.34283 0.0144455 0.339817 0.43726 0.361532 0.450587 0.359359 0.0219647
0 0.328237 0.0175224 0.31117 0.0172212 0.307247 0.668231 0.328237 0.685997 0.328237 0.0175224
0 0.304353 0.0219647 0.286747 0.02 0.287705 0.690439 0.305077 0.688218 0.304353 0.0219647
