0 0.610728 0.014109 0.58067 0.01 0.599474 0.973516 0.621179 0.98684 0.610728 0.014109
0 0.690308 0.0198237 0.666064 0.00761859 0.67584 0.992551 0.702365 0.996356 0.690308 0.0198237
0 0.763458 0.267285 0.735381 0.262381 0.740147 0.990647 0.761849 0.996667 0.763458 0.267285
0 0.893679 0.253965 0.911362 0.255865 0.904128 0.00459295 0.884837 0.000785256 0.893679 0.253965
0 0.248199 0.00649679 0.249804 0.158782 0.262667 0.41767 0.251413 0.973516 0.276333 0.990647 0.276333 0.402439 0.258647 0.0160128 0.248199 0.00649679
0 0.29134 0.374285 0.305269 0.375788 0.302054 0.128327 0.289196 0.135939 0.29134 0.374285
0 0.396103 0.992551 0.395298 0.608026 0.383244 0.391019 0.383244 0.113096 0.384045 0.00459295 0.355109 0.00649679 0.366362 0.739378 0.369577 0.996667 0.396103 0.992551
0 0.409769 0.925926 0.40575 0.497619 0.389792 0.500478 0.397712 0.996356 0.411378 0.996667 0.409769 0.925926
0 0.415913 0.996667 0.431471 0.992551 0.425846 0.594702 0.410574 0.596606 0.415913 0.996667
0 0.435 0.993333 0.451567 0.992551 0.444333 0.58709 0.429061 0.596606 0.435 0.993333
0 0.467151 0.990952 0.466038 0.606122 0.448353 0.609933 0.453981 0.996667 0.467151 0.990952
0 0.458804 0.497619 0.472468 0.764119 0.474881 0.994452 0.486939 0.984936 0.490955 0.375788 0.488545 0.0026891 0.472468 0.0026891 0.458804 0.497619
0 0.522308 0.0103045 0.519093 0.354853 0.51266 0.55092 0.519391 0.996667 0.536776 0.990647 0.536776 0.373888 0.542404 0.0103045 0.522308 0.0103045
0 0.501407 0.364369 0.519894 0.368176 0.516679 0 0.496583 0.00649679 0.501407 0.364369
0 0.212981 0.348096 0.213631 0 0.188715 0.00840064 0.18791 0.364369 0.212981 0.348096
0 0.810731 0.996667 0.832587 0.996356 0.83741 0.272997 0.814904 0.267285 0.810731 0.996667
0 0.994962 0.0160128 0.976494 0.0195224 0.974865 0.996356 0.998179 0.996356 0.994962 0.0160128
0 0.310093 0.98684 0.343856 0.994452 0.336622 0.436705 0.305269 0.425282 0.310093 0.98684
0 0.34358 0.607619 0.359128 0.602317 0.358324 0.419574 0.336622 0.423381 0.34358 0.607619
0 0.274724 0.368176 0.288327 0.376667 0.294016 0.00649679 0.269901 0.00459295 0.274724 0.368176
0 0.436295 0.105484 0.411378 0.109288 0.40575 0.425282 0.425042 0.436705 0.436295 0.105484
