0 0.611532 0.0198237 0.585696 0.0147628 0.597869 0.981131 0.618766 0.990647 0.611532 0.0198237
0 0.13566 0.0103045 0.10649 0.0123814 0.110744 0.379599 0.130035 0.383407 0.13566 0.0103045
0 0.13325 0.826939 0.117542 0.821904 0.112349 0.994452 0.13325 0.994452 0.13325 0.826939
0 0.218455 0.00459295 0.189875 0.01 0.184696 0.472872 0.211221 0.482394 0.218455 0.00459295
0 0.216045 0.781253 0.19434 0.775545 0.200772 0.994452 0.214436 0.996667 0.216045 0.781253
0 0.272314 0.240638 0.256237 0.240638 0.264276 0.459551 0.255433 0.994452 0.274263 0.995715 0.278744 0.809808 0.281958 0.463356 0.272314 0.240638
0 0.318936 0.324394 0.302054 0.318683 0.306074 0.741279 0.307413 0.996667 0.322151 0.988744 0.31974 0.714631 0.31974 0.529981 0.318936 0.324394
0 0.319471 0.996667 0.332599 0.996667 0.334208 0.520465 0.322151 0.516657 0.319471 0.996667
0 0.354304 0.522365 0.335542 0.521904 0.342247 0.996667 0.358324 0.996667 0.354304 0.522365
0 0.389673 0.737471 0.384045 0.459551 0.365683 0.457619 0.380026 0.996356 0.392083 0.994452 0.389673 0.737471
0 0.412183 0.474776 0.388788 0.474285 0.396103 0.990647 0.412183 0.996667 0.412183 0.474776
0 0.435494 0.981131 0.428256 0.699401 0.417003 0.689885 0.411378 0.996356 0.435494 0.981131
0 0.441923 0.516657 0.430984 0.514763 0.434689 0.992551 0.448353 0.990647 0.441923 0.516657
0 0.464429 0.124519 0.462019 0.762218 0.470163 0.996667 0.48774 0.98684 0.495782 0.505234 0.486135 0.118808 0.464429 0.124519
0 0.693522 0.0103045 0.662978 0.0122051 0.679859 0.98684 0.706385 0.990647 0.693522 0.0103045
0 0.76024 0.282516 0.738397 0.264763 0.734519 0.984936 0.76024 0.996356 0.76024 0.282516
0 0.835804 0.996356 0.830981 0.267285 0.817314 0.257769 0.817314 0.253965 0.812494 0.996356 0.835804 0.996356
0 0.913776 0.996356 0.905737 0.667038 0.904933 0.272997 0.921814 0.00840064 0.880048 0.00761859 0.884035 0.196853 0.88966 0.994452 0.913776 0.996356
0 0.998593 0.00649679 0.974484 0.00523718 0.979689 0.996667 0.998593 0.996667 0.998593 0.00649679
0 0.534365 0.868821 0.532756 0.695593 0.509343 0.693333 0.515875 0.990647 0.534365 0.990647 0.534365 0.868821
