0 0.99759 0 0.971651 0.0103045 0.972455 0.929734 0.996571 0.924022 0.99759 0
0 0.915381 0.00649679 0.877603 0.00649679 0.885641 0.992551 0.909756 0.988744 0.915381 0.00649679
0 0.845449 0.0103045 0.803651 0.0179199 0.806865 0.996667 0.84384 0.996667 0.845449 0.0103045
0 0.769888 0.0103045 0.732369 0.00285577 0.724875 0.98684 0.770692 0.996667 0.769888 0.0103045
0 0.695131 0.0122051 0.661042 0.00523718 0.671016 0.996667 0.70558 0.996667 0.695131 0.0122051
0 0.61716 0.00649679 0.575647 0.01 0.593045 0.996667 0.630824 0.996667 0.61716 0.00649679
0 0.547224 0.996667 0.541599 0.00649679 0.499298 0.01 0.502212 0.375788 0.517484 0.996667 0.547224 0.996667
0 0.469253 0.272997 0.471667 0.434804 0.468449 0.994452 0.486135 0.992551 0.490154 0.771737 0.486939 0.286324 0.469253 0.272997
0 0.220064 0.0026891 0.184849 0.0123814 0.195144 0.996667 0.224083 0.996667 0.220064 0.0026891
0 0.148522 0.0122051 0.10649 0.0123814 0.103506 0.996667 0.142093 0.996356 0.148522 0.0122051
0 0.241769 0.00840064 0.252218 0.259673 0.250609 0.994452 0.282298 0.996667 0.287587 0.432901 0.268295 0.00649679 0.241769 0.00840064
0 0.336622 0.996667 0.330994 0.606122 0.329385 0.265385 0.315452 0.264763 0.316526 0.571859 0.318936 0.996356 0.336622 0.996667
0 0.388869 0.415766 0.364679 0.414763 0.379224 0.996667 0.393692 0.990647 0.388869 0.415766
0 0.423436 0.28442 0.406554 0.274904 0.407356 0.703205 0.416199 0.68417 0.423436 0.28442
