0 0.0869105199516324 0.3435230024213075 0.036275695284159616 0.11198547215496368
0 0.14094921402660218 0.3435230024213075 0.04005441354292624 0.11501210653753027
0 0.20366989117291415 0.33519370460048425 0.029474002418379684 0.10139225181598063
0 0.25015114873035066 0.34277239709443097 0.036275695284159616 0.1074455205811138
0 0.31892382103990324 0.3435230024213075 0.03174123337363966 0.10290556900726393
0 0.37938331318016927 0.36849878934624697 0.039298669891172915 0.10139225181598063
0 0.4568500604594921 0.37530266343825663 0.03703143893591294 0.09382566585956416
0 0.595906892382104 0.20203389830508475 0.023428053204353084 0.09231234866828088
0 0.6148004836759371 0.20203389830508475 0.020405078597339782 0.09836561743341404
0 0.7274062877871826 0.20429782082324455 0.021916565900846435 0.08777239709443099
0 0.7542321644498187 0.20127118644067796 0.021160822249093107 0.08777239709443099
0 0.93409915356711 0.21414043583535108 0.03325272067714631 0.09231234866828088
0 0.8989600967351875 0.20429782082324455 0.03249697702539299 0.0847457627118644
0 0.8369830713422006 0.21035108958837773 0.029474002418379684 0.09987893462469734